0.03767911841
0.01548725877
0.01544504662
0.01520250887
0.01484054254
0.01370357492
0.01078679578
0.009975448324
0.009904903039
0.009829450256
0.009675515844
0.008840167657
0.00864264086
0.008288495862
0.007744683732
0.007462119195
0.007037160534
0.006724959309
0.006210323789
0.005992706921
0.005721260934
0.005483017239
0.005304813715
0.00523890755
0.005112884533
0.004910603597
0.004901095319
0.004886296145
0.004818664687
0.004816440977
0.004611169535
0.004555423424
0.004450640672
0.004370663789
0.00426971502
0.004246059346
0.00405052622
0.004026103749
0.003845369797
0.003730235291
0.003512771783
0.003425356974
0.003400742804
0.003359259109
0.003297723684
0.003296113411
0.003292777846
0.003279627285
0.003111660495
0.003086164509
0.003002276964
0.002925405608
0.002836572225
0.002731176036
0.002712849597
0.002623632816
0.002535067812
0.00247947506
0.00235429552
0.002340186463
0.002337771053
0.002257487452
0.002141241092
0.002135260078
0.002135221739
0.002086875215
0.002079245589
0.002030745705
0.002006898332
0.002004252884
0.001992865955
0.001977913422
0.001942909158
0.00183954498
0.00182164028
0.00181707784
0.001783875549
0.001779888206
0.001707886008
0.001695463904
0.001689176172
0.001687872618
0.00167614063
0.00167165487
0.00163135971
0.001603064917
0.00160015109
0.001591639648
0.001553414838
0.001544251619
0.001543063085
0.001533976545
0.001511432726
0.001509362375
0.001496058455
0.001494371502
0.001466153388
0.001464389756
0.001461820988
0.001443609569
0.001428580356
0.001420413973
0.001377396685
0.001366814892
0.001364974581
0.001353204253
0.001338558439
0.001310838742
0.001301330465
0.001288678321
0.001267974814
0.00126667126
0.001260920285
0.001259079974
0.001251181969
0.001246121112
0.001209046497
0.001185927581
0.001177377799
0.001174387292
0.001164227238
0.001160163216
0.001158821322
0.001142871953
0.001135472366
0.001129261314
0.001122590184
0.001120711532
0.001116264112
0.001112775187
0.001109669661
0.001099011189
0.001077885943
0.00105633896
0.001054383628
0.001046677323
0.00104288168
0.001037820822
0.001020759599
0.001019839443
0.001019456044
0.00100473355
0.001001206286
0.0009845668004
0.0009787391464
0.0009675822563
0.000967428897
0.0009625980786
0.0009593775329
0.0009505977122
0.0009227246567
0.0009219578602
0.0009173570807
0.0009144049139
0.0008965768936
0.0008925895514
0.0008910942981
0.0008806658647
0.0008753749683
0.0008682821
0.0008647548358
0.000858888842
0.000857316909
0.0008449331443
0.0008429394733
0.0008284086782
0.0008279486002
0.0008246897148
0.0008233478208
0.0008232328013
0.000817711866
0.0008159482339
0.0008025292938
0.0008020308761
0.0007996921465
0.0007993470881
0.0007794870568
0.0007719724504
0.0007681768073
0.0007667965735
0.000761544017
0.0007442910941
0.0007402654121
0.0007399203536
0.0007317539701
0.0007301436973
0.0007268848119
0.0007173381945
0.0007080982958
0.000700890408
0.0006975165031
0.0006953311329
0.0006877781866
0.0006809536971
0.0006781932294
0.0006766212965
0.0006743975864
0.0006704102442
0.0006651193479
0.0006635857547
0.0006606335879
0.0006603268693
0.000658371538
0.0006575280618
0.0006567229254
0.0006566845856
0.0006559561288
0.0006507035723
0.0006459494335
0.0006442241412
0.0006427672277
0.0006385115068
0.0006381664483
0.0006361344374
0.0006306901817
0.0006304601427
0.0006248241879
0.0006245174693
0.0006238656922
0.0006226388177
0.0006217186618
0.0006179230188
0.0006169261832
0.000614970852
0.0006130538605
0.0006110218496
0.0006106001115
0.0006104467522
0.0006103317327
0.000610255053
0.0006084914209
0.0006068811481
0.000600861795
0.0005981396672
0.000596376035
0.0005962226757
0.0005938839462
0.0005934622081
0.000592580392
0.0005909317794
0.0005908934395
0.0005897815845
0.0005877879134
0.0005877112338
0.0005868294177
0.0005761709453
0.0005703049515
0.0005687713584
0.0005673911246
0.0005673144449
0.0005646306569
0.0005633654426
0.000562828685
0.0005622535875
0.000555889176
0.0005536271261
0.000551863494
0.0005498698229
0.0005481061907
0.0005420484978
0.0005413967207
0.0005406299242
0.000540208186
0.0005385595734
0.0005300481314
0.0005274410231
0.0005251406334
0.0005214983496
0.0005204631743
0.0005175493473
0.0005164374923
0.0005135236653
0.000509344624
0.0005079643901
0.0005037086691
0.0005026734938
0.0005020217167
0.000500373104
0.0005001047252
0.0004971908983
0.000494123712
0.0004929735171
0.0004903664088
0.0004879126597
0.0004847304539
0.0004846154345
0.0004820850058
0.0004808581312
0.0004796695966
0.0004782126831
0.000476219012
0.0004746854188
0.0004700846394
0.0004677842497
0.0004664040158
0.0004642186456
0.0004611131195
0.0004601929636
0.0004601546238
0.0004568573985
0.0004555538443
0.0004538668919
0.000448691015
0.0004480392379
0.0004466973439
0.0004443586143
0.0004410230493
0.0004399878739
0.0004373807655
0.0004358471724
0.0004284859253
0.0004276041092
0.000426990672
0.0004246902822
0.000424306884
0.0004232333687
0.0004214313968
0.0004205112409
0.0004204729011
0.000419591085
0.0004189393079
0.000415795442
0.0004146069073
0.000413111654
0.0004124982167
0.0004112713422
0.0004100061279
0.0004093926906
0.0004069772814
0.0004064405238
0.0004053670086
0.0004042168137
0.0004033349977
0.0004018397443
0.0004004595105
0.0003998077334
0.000397430664
0.0003972006251
0.0003942484583
0.0003912579516
0.0003909895728
0.0003899160576
0.0003889959017
0.0003888042026
0.0003884208043
0.0003884208043
0.000388267445
0.0003852385985
0.0003830532283
0.0003819030334
0.0003804461199
0.0003786058082
0.0003752319032
0.0003750402041
0.0003726247949
0.0003723947559
0.0003720113576
0.0003712445611
0.0003694425891
0.0003687524722
0.0003654935868
0.0003643817317
0.000362081342
0.0003607777878
0.0003582090193
0.0003580939998
0.0003564070474
0.0003563303677
0.0003557552703
0.0003551801728
0.0003550651534
0.0003548734542
0.0003547584347
0.0003540683178
0.0003536849195
0.0003526497442
0.0003518446078
0.0003516529086
0.0003508094324
0.0003501959951
0.0003489691206
0.0003455952157
0.0003441383022
0.000343946603
0.0003437165641
0.0003424513497
0.0003413394947
0.0003409560964
0.000340380999
0.0003399976007
0.0003397675617
0.000338579027
0.0003380039296
0.0003376588711
0.0003373138127
0.0003370454339
0.0003365086763
0.0003363936568
0.0003360102585
0.0003352818018
0.0003327513731
0.0003326746934
0.0003326746934
0.0003324446544
0.0003316778579
0.0003304509834
0.0003292624487
0.0003288790504
0.0003284956521
0.0003283422928
0.0003283039529
0.0003278055352
0.0003277671953
0.0003272687776
0.0003267703598
0.0003257351844
0.0003217095024
0.0003216711626
0.0003215561431
0.0003197158313
0.0003196774915
0.0003190257144
0.0003186039763
0.0003185656365
0.0003182972577
0.000316648645
0.0003148850129
0.0003131980604
0.0003122395647
0.0003121245452
0.0003120478656
0.0003102075538
0.0003100541945
0.0003095557767
0.0003087506403
0.0003087123005
0.0003069486684
0.0003061818718
0.0003055684345
0.0003053767354
0.0003036897829
0.0003012743737
0.0003006992763
0.0002999708196
0.0002979771485
0.0002954083799
0.0002950633215
0.0002944115444
0.0002923411936
0.0002921111547
0.0002885072108
0.0002881621523
0.0002876253947
0.000287126977
0.0002841748101
0.0002837914119
0.0002836763924
0.0002831779746
0.0002822961585
0.0002804558468
0.0002790756129
0.0002782321367
0.0002769285825
0.000275931747
0.000274589853
0.0002742064547
0.0002725578421
0.0002713693074
0.0002699890735
0.0002693372964
0.0002686855194
0.0002676120042
0.0002667685279
0.0002661167508
0.0002659633915
0.0002650815755
0.000264966556
0.0002649282161
0.0002646598373
0.0002625511468
0.0002624744671
0.0002624361273
0.0002619760493
0.0002617076705
0.0002614392917
0.0002610558935
0.0002605574757
0.0002597523393
0.0002594839605
0.0002594839605
0.0002580653868
0.0002578736877
0.0002574519496
0.0002566084733
0.0002563784344
0.0002557266573
0.0002556116378
0.0002550748802
0.0002546148022
0.0002545764624
0.0002539246853
0.0002538480057
0.0002536563065
0.0002535029472
0.0002531195489
0.0002525827913
0.0002521610532
0.0002521610532
0.0002517393151
0.0002509725185
0.0002509725185
0.0002504357609
0.0002497073042
0.0002488638279
0.0002487488084
0.0002480586915
0.0002479820119
0.0002474069144
0.0002473302348
0.000246831817
0.0002452215442
0.0002450681849
0.0002449531654
0.000244378068
0.0002440713493
0.0002437262909
0.0002436496112
0.0002431895333
0.0002431511935
0.0002427294553
0.0002420009986
0.0002411575224
0.0002411191825
0.0002408124639
0.0002370168209
0.0002362883641
0.0002353298684
0.0002352148489
0.0002341796735
0.0002340263142
0.0002334895566
0.0002317259245
0.0002313041864
0.0002309591279
0.000230729089
0.0002304223703
0.0002303073509
0.0002302306712
0.0002301923314
0.0002285437187
0.000227355184
0.0002272785044
0.0002267417468
0.0002257449112
0.0002257065714
0.0002253998528
0.0002249397748
0.0002223326665
0.0002222559868
0.0002215275301
0.0002212591513
0.000220875753
0.0002206840539
0.0002201856361
0.0002201089564
0.0002196872183
0.0002195721988
0.0002188437421
0.0002187287226
0.0002186903828
0.0002174251684
0.0002173484888
0.0002172718091
0.0002172334693
0.0002171951294
0.000216850071
0.0002168117312
0.0002161216142
0.0002158915753
0.0002158532354
0.0002151631185
0.0002148180601
0.0002138212245
0.0002138212245
0.0002133228067
0.0002124026509
0.0002121726119
0.0002121726119
0.0002114441551
0.0002113291357
0.0002112907958
0.0002109457374
0.0002109073975
0.0002106773586
0.0002103323001
0.0002102556205
0.0002098722222
0.0002097188629
0.0002096038434
0.0002092204451
0.0002087603671
0.000208568668
0.0002084919883
0.0002081852697
0.0002078785511
0.0002070350748
0.0002068433757
0.000206766696
0.0002064216376
0.0002062682783
0.0002061532588
0.0002055781614
0.0002055014817
0.0002050414038
0.000204082908
0.0002040445682
0.0002035078106
0.0002033544513
0.0002030093928
0.0002029327132
0.0002028560335
0.0002026259945
0.0002022425963
0.0002022425963
0.0002019358776
0.0002019358776
0.0002015524793
0.0002010924014
0.0002009390421
0.0001999422065
0.0001993671091
0.0001993287693
0.0001990603905
0.0001986003125
0.0001981402346
0.0001972200787
0.0001970283796
0.0001962999228
0.0001958781847
0.0001956864856
0.0001949963686
0.0001948430093
0.0001943062517
0.0001941912322
0.0001939228534
0.0001937311543
0.0001936161348
0.0001932710764
0.0001926576391
0.0001924276001
0.0001913924247
0.0001913157451
0.0001910857061
0.0001909323468
0.0001899738511
0.000189552113
0.0001891687147
0.0001887469766
0.0001887086367
0.0001886702969
0.0001886702969
0.0001883635783
0.0001882868986
0.000188210219
0.0001874434224
0.0001865616063
0.0001861015284
0.0001857564699
0.0001856797903
0.0001856031106
0.0001849129937
0.0001844145759
0.0001841461971
0.0001839928378
0.0001838778183
0.0001836477794
0.0001835327599
0.0001828809828
0.0001828043031
0.0001826892836
0.0001824209048
0.0001823442252
0.0001819608269
0.0001817307879
0.0001814624091
0.000181040671
0.0001805805931
0.0001797371168
0.000178586922
0.0001784719025
0.0001780885042
0.0001780118245
0.0001773983873
0.0001771683483
0.0001767466102
0.0001766699305
0.0001763632119
0.0001757881145
0.0001755197357
0.0001751746772
0.0001750596577
0.0001743695408
0.0001742545213
0.0001740628222
0.0001734493849
0.000173219346
0.0001730276468
0.0001729126273
0.0001729126273
0.0001727976078
0.000172529229
0.0001721458308
0.0001711106554
0.0001709956359
0.0001708039367
0.0001707655969
0.0001707272571
0.0001703438588
0.0001702288393
0.0001701904995
0.0001699988003
0.0001695770622
0.0001694237029
0.000168963625
0.000168963625
0.0001684268674
0.0001680818089
0.0001680434691
0.0001680051293
0.0001680051293
0.0001675450513
0.0001674683717
0.0001673533522
0.0001664715361
0.0001650146226
0.0001648229235
0.0001647462438
0.0001643245057
0.000163596049
0.0001635193693
0.0001634426896
0.00016336601
0.0001632893303
0.0001630592914
0.0001624075143
0.0001623308346
0.000162254155
0.0001622158151
0.0001616790575
0.0001614106787
0.0001612956592
0.0001612956592
0.0001612573194
0.000160682222
0.0001606055423
0.0001601454644
0.0001594936873
0.000159340328
0.0001590719492
0.0001588035704
0.0001582284729
0.0001581134535
0.0001577300552
0.0001576150357
0.0001570399383
0.000156196462
0.0001560431027
0.0001560047629
0.0001559280832
0.0001557363841
0.0001556980443
0.0001554296655
0.0001552379663
0.0001551996265
0.0001551229468
0.0001549695875
0.000154854568
0.0001545861892
0.0001545478494
0.0001544711697
0.0001543944901
0.0001538577325
0.0001534359944
0.0001533976545
0.0001533209749
0.000153282635
0.00015217078
0.0001518640614
0.000151288964
0.0001511356046
0.0001509439055
0.0001504454877
0.0001500620894
0.0001500237496
0.0001497937106
0.0001497937106
0.0001491419335
0.0001490652539
0.0001481067582
0.0001480300785
0.000147915059
0.0001478383794
0.0001476850201
0.0001475700006
0.0001474166413
0.0001471866023
0.0001471866023
0.0001470715828
0.0001463814659
0.0001459980676
0.0001459213879
0.0001458447083
0.0001458447083
0.0001453846303
0.0001452696109
0.0001450395719
0.0001449245524
0.0001448862126
0.0001448478727
0.0001446178338
0.0001443877948
0.0001443877948
0.0001443111151
0.0001443111151
0.0001440043965
0.0001437360177
0.0001425858228
0.000142317444
0.0001417806864
0.0001413589483
0.0001411672492
0.0001410522297
0.0001406688314
0.0001404387924
0.0001403621128
0.0001402087535
0.0001401320738
0.0001395186365
0.0001394802967
0.0001393652772
0.0001393652772
0.0001392885976
0.0001390202188
0.0001389051993
0.0001387901798
0.0001386368205
0.0001385984807
0.0001385984807
0.0001384834612
0.0001384451213
0.0001384067815
0.0001382150824
0.0001381767425
0.0001380617231
0.0001379850434
0.0001376399849
0.0001374866256
0.0001373716061
0.0001372949265
0.0001372565867
0.0001372182468
0.0001371032273
0.0001368731884
0.0001367581689
0.0001366814892
0.0001365281299
0.0001363364308
0.0001362980909
0.0001362214113
0.0001360297121
0.000135838013
0.0001356846537
0.0001355312944
0.0001350712164
0.0001349561969
0.0001348028376
0.0001346878181
0.0001345344588
0.00013426608
0.000134036041
0.0001338060021
0.0001337676622
0.0001336909826
0.0001336526428
0.0001329625258
0.0001329625258
0.0001328858462
0.0001327324869
0.000132694147
0.0001323490886
0.0001323107488
0.0001318890106
0.0001317739912
0.0001317739912
0.0001315056124
0.0001311605539
0.0001303170777
0.000130240398
0.0001301637184
0.0001301637184
0.0001301253785
0.0001299720192
0.0001299720192
0.0001299336794
0.0001298569997
0.0001295886209
0.0001295502811
0.0001294352616
0.0001293969218
0.0001290902032
0.000128898504
0.000128898504
0.0001287834845
0.0001287068049
0.0001286301252
0.0001282083871
0.0001279400083
0.0001278633286
0.0001277483091
0.0001277099693
0.0001276716295
0.0001274415905
0.0001264064151
0.0001263680753
0.000126214716
0.0001261380363
0.0001260996965
0.0001259079974
0.0001258696575
0.0001258313177
0.0001256396186
0.0001255629389
0.0001253712398
0.0001252945601
0.000124872822
0.0001247961423
0.000124642783
0.0001243744042
0.0001242593847
0.0001239143263
0.0001236459475
0.0001234542483
0.0001234159085
0.00012307085
0.0001230325102
0.0001228408111
0.0001227641314
0.000122189034
0.0001216522764
0.0001214605772
0.0001212305383
0.000121077179
0.0001201186832
0.0001196969451
0.0001196586053
0.0001196586053
0.0001195435858
0.0001194669062
0.0001194285663
0.000119275207
0.0001191601875
0.0001188151291
0.0001186617698
0.0001185467503
0.0001183933909
0.0001182016918
0.0001179716528
0.0001178949732
0.0001177416139
0.0001176265944
0.0001172431961
0.0001172048563
0.0001171665164
0.0001171281766
0.0001167831181
0.0001165530792
0.0001165147393
0.0001160163216
0.0001159013021
0.0001159013021
0.0001158629623
0.0001156329233
0.0001154028843
0.0001153645445
0.0001153262047
0.000115249525
0.0001151728453
0.0001151345055
0.0001150578259
0.0001148661267
0.0001147127674
0.0001146744276
0.0001146360877
0.0001144443886
0.0001142910293
0.0001142526895
0.0001142143496
0.0001140609903
0.0001140609903
0.0001140226505
0.0001140226505
0.0001139843107
0.0001139843107
0.0001139459708
0.0001136009124
0.0001135242327
0.0001135242327
0.0001134475531
0.0001134475531
0.0001133708734
0.0001129107954
0.0001128724556
0.0001128724556
0.0001128724556
0.0001126807565
0.0001122206785
0.0001117222608
0.0001116839209
0.0001116455811
0.0001115305616
0.0001113005226
0.0001112621828
0.000111223843
0.0001111855032
0.0001109171244
0.0001108787845
0.0001107254252
0.0001107254252
0.0001104570464
0.0001104187066
0.0001103036871
0.000109881949
0.0001098436092
0.0001098052693
0.0001096902498
0.0001095368905
0.0001094985507
0.0001094602109
0.000109421871
0.0001091918321
0.0001091151524
0.0001088467736
0.0001086550745
0.0001085783948
0.0001085017152
0.0001084633753
0.0001081566567
0.0001080416372
0.0001080032974
0.0001077732584
0.0001076198991
0.0001075048796
0.0001072748406
0.000107198161
0.0001071214813
0.0001070831415
0.0001070831415
0.0001067764229
0.0001066614034
0.0001065463839
0.0001063163449
0.0001062013254
0.0001061629856
0.0001058946068
0.0001057795873
0.0001057795873
0.0001057412475
0.0001057029077
0.0001055878882
0.0001055495483
0.0001055112085
0.0001054345289
0.0001053578492
0.0001053195094
0.0001052428297
0.0001051278102
0.0001048210916
0.0001047827518
0.0001047827518
0.0001047444119
0.0001047060721
0.0001046677323
0.0001046293925
0.0001045527128
0.0001043993535
0.0001040926349
0.0001040926349
0.000104054295
0.0001039392755
0.0001038242561
0.0001035942171
0.0001034408578
0.0001034408578
0.0001034025179
0.0001032108188
0.000103172479
0.0001030957993
0.0001029041002
0.0001028657603
0.0001028274205
0.0001026740612
0.0001025590417
0.000102482362
0.0001024440222
0.0001023673426
0.0001021373036
0.0001020989638
0.0001019072646
0.0001018689248
0.0001016388858
0.0001014471867
0.0001013321672
0.0001012171477
0.0001011788079
0.000101140468
0.0001009487689
0.0001008720892
0.0001007954096
0.0001006803901
0.0001006420503
0.000100488691
0.0001002969918
0.0001001052927
1.00E-04
9.99E-05
9.98E-05
9.97E-05
9.95E-05
9.94E-05
9.94E-05
9.91E-05
9.91E-05
9.89E-05
9.86E-05
9.83E-05
9.82E-05
9.82E-05
9.81E-05
9.80E-05
9.80E-05
9.79E-05
9.79E-05
9.78E-05
9.78E-05
9.78E-05
9.73E-05
9.73E-05
9.73E-05
9.73E-05
9.72E-05
9.71E-05
9.69E-05
9.69E-05
9.61E-05
9.60E-05
9.60E-05
9.59E-05
9.58E-05
9.57E-05
9.56E-05
9.55E-05
9.54E-05
9.53E-05
9.52E-05
9.52E-05
9.52E-05
9.50E-05
9.49E-05
9.47E-05
9.45E-05
9.43E-05
9.41E-05
9.41E-05
9.38E-05
9.38E-05
9.38E-05
9.38E-05
9.36E-05
9.36E-05
9.35E-05
9.35E-05
9.34E-05
9.32E-05
9.31E-05
9.29E-05
9.28E-05
9.28E-05
9.27E-05
9.27E-05
9.25E-05
9.22E-05
9.20E-05
9.17E-05
9.17E-05
9.16E-05
9.16E-05
9.15E-05
9.15E-05
9.15E-05
9.14E-05
9.14E-05
9.13E-05
9.13E-05
9.11E-05
9.09E-05
9.09E-05
9.06E-05
9.05E-05
9.04E-05
9.03E-05
9.01E-05
8.99E-05
8.99E-05
8.99E-05
8.99E-05
8.97E-05
8.96E-05
8.94E-05
8.94E-05
8.91E-05
8.91E-05
8.90E-05
8.89E-05
8.88E-05
8.88E-05
8.88E-05
8.88E-05
8.88E-05
8.88E-05
8.86E-05
8.86E-05
8.84E-05
8.84E-05
8.84E-05
8.84E-05
8.83E-05
8.81E-05
8.81E-05
8.80E-05
8.80E-05
8.80E-05
8.78E-05
8.78E-05
8.76E-05
8.76E-05
8.76E-05
8.75E-05
8.74E-05
8.73E-05
8.73E-05
8.72E-05
8.71E-05
8.69E-05
8.67E-05
8.67E-05
8.66E-05
8.66E-05
8.65E-05
8.64E-05
8.63E-05
8.62E-05
8.61E-05
8.61E-05
8.60E-05
8.60E-05
8.59E-05
8.59E-05
8.58E-05
8.56E-05
8.55E-05
8.55E-05
8.54E-05
8.51E-05
8.50E-05
8.48E-05
8.48E-05
8.47E-05
8.47E-05
8.47E-05
8.43E-05
8.43E-05
8.43E-05
8.43E-05
8.40E-05
8.40E-05
8.40E-05
8.40E-05
8.39E-05
8.39E-05
8.36E-05
8.35E-05
8.35E-05
8.33E-05
8.33E-05
8.33E-05
8.33E-05
8.32E-05
8.32E-05
8.31E-05
8.29E-05
8.29E-05
8.25E-05
8.25E-05
8.24E-05
8.23E-05
8.23E-05
8.22E-05
8.22E-05
8.22E-05
8.22E-05
8.22E-05
8.20E-05
8.19E-05
8.19E-05
8.18E-05
8.15E-05
8.15E-05
8.12E-05
8.11E-05
8.09E-05
8.09E-05
8.08E-05
8.07E-05
8.05E-05
8.05E-05
8.04E-05
8.04E-05
8.04E-05
8.02E-05
8.02E-05
8.02E-05
8.01E-05
8.01E-05
8.01E-05
7.99E-05
7.98E-05
7.98E-05
7.94E-05
7.94E-05
7.92E-05
7.92E-05
7.92E-05
7.92E-05
7.91E-05
7.91E-05
7.87E-05
7.86E-05
7.86E-05
7.86E-05
7.86E-05
7.86E-05
7.84E-05
7.83E-05
7.83E-05
7.82E-05
7.80E-05
7.79E-05
7.79E-05
7.78E-05
7.77E-05
7.77E-05
7.76E-05
7.75E-05
7.75E-05
7.75E-05
7.73E-05
7.73E-05
7.72E-05
7.71E-05
7.68E-05
7.68E-05
7.67E-05
7.66E-05
7.66E-05
7.65E-05
7.65E-05
7.64E-05
7.64E-05
7.63E-05
7.63E-05
7.62E-05
7.62E-05
7.62E-05
7.61E-05
7.60E-05
7.60E-05
7.58E-05
7.57E-05
7.56E-05
7.55E-05
7.55E-05
7.55E-05
7.54E-05
7.54E-05
7.53E-05
7.53E-05
7.53E-05
7.52E-05
7.52E-05
7.52E-05
7.51E-05
7.50E-05
7.50E-05
7.50E-05
7.50E-05
7.49E-05
7.49E-05
7.49E-05
7.48E-05
7.48E-05
7.47E-05
7.46E-05
7.46E-05
7.45E-05
7.44E-05
7.43E-05
7.43E-05
7.43E-05
7.40E-05
7.38E-05
7.37E-05
7.37E-05
7.37E-05
7.36E-05
7.36E-05
7.35E-05
7.35E-05
7.34E-05
7.34E-05
7.31E-05
7.30E-05
7.29E-05
7.29E-05
7.29E-05
7.28E-05
7.28E-05
7.28E-05
7.27E-05
7.27E-05
7.25E-05
7.25E-05
7.25E-05
7.25E-05
7.23E-05
7.23E-05
7.23E-05
7.23E-05
7.22E-05
7.21E-05
7.20E-05
7.20E-05
7.20E-05
7.20E-05
7.20E-05
7.20E-05
7.19E-05
7.18E-05
7.18E-05
7.18E-05
7.17E-05
7.16E-05
7.16E-05
7.16E-05
7.16E-05
7.15E-05
7.15E-05
7.15E-05
7.14E-05
7.14E-05
7.14E-05
7.14E-05
7.13E-05
7.12E-05
7.12E-05
7.12E-05
7.11E-05
7.10E-05
7.05E-05
7.05E-05
7.03E-05
7.03E-05
7.03E-05
7.02E-05
7.01E-05
7.00E-05
6.99E-05
6.98E-05
6.98E-05
6.98E-05
6.98E-05
6.97E-05
6.97E-05
6.96E-05
6.96E-05
6.95E-05
6.95E-05
6.95E-05
6.95E-05
6.92E-05
6.92E-05
6.92E-05
6.92E-05
6.91E-05
6.91E-05
6.91E-05
6.89E-05
6.88E-05
6.88E-05
6.86E-05
6.86E-05
6.86E-05
6.86E-05
6.84E-05
6.84E-05
6.83E-05
6.82E-05
6.82E-05
6.81E-05
6.81E-05
6.81E-05
6.80E-05
6.80E-05
6.79E-05
6.77E-05
6.77E-05
6.77E-05
6.77E-05
6.77E-05
6.77E-05
6.75E-05
6.74E-05
6.74E-05
6.74E-05
6.73E-05
6.72E-05
6.72E-05
6.72E-05
6.72E-05
6.71E-05
6.71E-05
6.70E-05
6.70E-05
6.69E-05
6.69E-05
6.69E-05
6.69E-05
6.68E-05
6.68E-05
6.68E-05
6.67E-05
6.66E-05
6.66E-05
6.66E-05
6.66E-05
6.66E-05
6.66E-05
6.65E-05
6.64E-05
6.64E-05
6.64E-05
6.64E-05
6.63E-05
6.63E-05
6.62E-05
6.61E-05
6.61E-05
6.60E-05
6.60E-05
6.59E-05
6.59E-05
6.59E-05
6.59E-05
6.58E-05
6.58E-05
6.56E-05
6.55E-05
6.54E-05
6.54E-05
6.53E-05
6.53E-05
6.51E-05
6.51E-05
6.51E-05
6.49E-05
6.49E-05
6.49E-05
6.49E-05
6.48E-05
6.47E-05
6.46E-05
6.46E-05
6.45E-05
6.45E-05
6.44E-05
6.44E-05
6.44E-05
6.43E-05
6.43E-05
6.41E-05
6.41E-05
6.39E-05
6.39E-05
6.38E-05
6.38E-05
6.38E-05
6.38E-05
6.38E-05
6.38E-05
6.37E-05
6.36E-05
6.36E-05
6.36E-05
6.35E-05
6.35E-05
6.35E-05
6.35E-05
6.34E-05
6.34E-05
6.33E-05
6.33E-05
6.31E-05
6.30E-05
6.30E-05
6.30E-05
6.28E-05
6.28E-05
6.28E-05
6.28E-05
6.28E-05
6.26E-05
6.26E-05
6.25E-05
6.23E-05
6.22E-05
6.22E-05
6.21E-05
6.21E-05
6.20E-05
6.20E-05
6.20E-05
6.20E-05
6.18E-05
6.18E-05
6.18E-05
6.18E-05
6.17E-05
6.17E-05
6.17E-05
6.17E-05
6.16E-05
6.16E-05
6.15E-05
6.15E-05
6.15E-05
6.14E-05
6.14E-05
6.14E-05
6.13E-05
6.13E-05
6.13E-05
6.12E-05
6.12E-05
6.11E-05
6.11E-05
6.10E-05
6.10E-05
6.10E-05
6.10E-05
6.09E-05
6.08E-05
6.08E-05
6.08E-05
6.07E-05
6.07E-05
6.07E-05
6.07E-05
6.06E-05
6.06E-05
6.06E-05
6.05E-05
6.05E-05
6.05E-05
6.05E-05
6.05E-05
6.04E-05
6.03E-05
6.03E-05
6.03E-05
6.02E-05
6.02E-05
6.02E-05
6.01E-05
6.01E-05
6.01E-05
6.00E-05
6.00E-05
6.00E-05
6.00E-05
6.00E-05
5.98E-05
5.98E-05
5.98E-05
5.98E-05
5.96E-05
5.96E-05
5.95E-05
5.94E-05
5.93E-05
5.93E-05
5.92E-05
5.92E-05
5.92E-05
5.91E-05
5.91E-05
5.91E-05
5.90E-05
5.90E-05
5.90E-05
5.89E-05
5.89E-05
5.89E-05
5.88E-05
5.88E-05
5.88E-05
5.87E-05
5.86E-05
5.85E-05
5.85E-05
5.85E-05
5.85E-05
5.84E-05
5.83E-05
5.82E-05
5.82E-05
5.82E-05
5.82E-05
5.82E-05
5.82E-05
5.82E-05
5.81E-05
5.81E-05
5.79E-05
5.79E-05
5.77E-05
5.77E-05
5.77E-05
5.77E-05
5.77E-05
5.77E-05
5.77E-05
5.76E-05
5.75E-05
5.75E-05
5.75E-05
5.75E-05
5.75E-05
5.74E-05
5.74E-05
5.74E-05
5.73E-05
5.73E-05
5.73E-05
5.72E-05
5.72E-05
5.72E-05
5.71E-05
5.70E-05
5.70E-05
5.69E-05
5.68E-05
5.68E-05
5.67E-05
5.67E-05
5.67E-05
5.66E-05
5.65E-05
5.64E-05
5.64E-05
5.64E-05
5.64E-05
5.64E-05
5.64E-05
5.62E-05
5.62E-05
5.62E-05
5.61E-05
5.60E-05
5.60E-05
5.60E-05
5.60E-05
5.60E-05
5.59E-05
5.59E-05
5.59E-05
5.59E-05
5.59E-05
5.59E-05
5.59E-05
5.58E-05
5.58E-05
5.58E-05
5.57E-05
5.57E-05
5.56E-05
5.56E-05
5.56E-05
5.56E-05
5.55E-05
5.54E-05
5.53E-05
5.53E-05
5.53E-05
5.52E-05
5.52E-05
5.51E-05
5.51E-05
5.50E-05
5.50E-05
5.50E-05
5.49E-05
5.49E-05
5.49E-05
5.49E-05
5.48E-05
5.48E-05
5.48E-05
5.47E-05
5.47E-05
5.47E-05
5.47E-05
5.47E-05
5.46E-05
5.46E-05
5.46E-05
5.46E-05
5.45E-05
5.44E-05
5.44E-05
5.44E-05
5.43E-05
5.43E-05
5.43E-05
5.43E-05
5.43E-05
5.43E-05
5.41E-05
5.41E-05
5.40E-05
5.40E-05
5.40E-05
5.39E-05
5.39E-05
5.38E-05
5.38E-05
5.38E-05
5.38E-05
5.38E-05
5.38E-05
5.38E-05
5.38E-05
5.37E-05
5.36E-05
5.35E-05
5.35E-05
5.35E-05
5.34E-05
5.34E-05
5.34E-05
5.34E-05
5.34E-05
5.34E-05
5.33E-05
5.33E-05
5.32E-05
5.32E-05
5.31E-05
5.31E-05
5.31E-05
5.31E-05
5.31E-05
5.30E-05
5.30E-05
5.30E-05
5.29E-05
5.29E-05
5.29E-05
5.29E-05
5.29E-05
5.29E-05
5.28E-05
5.28E-05
5.26E-05
5.26E-05
5.25E-05
5.25E-05
5.24E-05
5.24E-05
5.24E-05
5.24E-05
5.24E-05
5.23E-05
5.23E-05
5.23E-05
5.23E-05
5.22E-05
5.22E-05
5.21E-05
5.21E-05
5.21E-05
5.20E-05
5.20E-05
5.19E-05
5.18E-05
5.18E-05
5.18E-05
5.17E-05
5.16E-05
5.16E-05
5.16E-05
5.16E-05
5.15E-05
5.15E-05
5.15E-05
5.15E-05
5.14E-05
5.13E-05
5.13E-05
5.13E-05
5.13E-05
5.13E-05
5.12E-05
5.12E-05
5.12E-05
5.12E-05
5.11E-05
5.11E-05
5.11E-05
5.10E-05
5.10E-05
5.10E-05
5.10E-05
5.09E-05
5.09E-05
5.08E-05
5.08E-05
5.08E-05
5.08E-05
5.07E-05
5.07E-05
5.06E-05
5.06E-05
5.06E-05
5.06E-05
5.06E-05
5.05E-05
5.05E-05
5.05E-05
5.05E-05
5.04E-05
5.04E-05
5.03E-05
5.03E-05
5.02E-05
5.01E-05
5.00E-05
5.00E-05
5.00E-05
5.00E-05
5.00E-05
4.99E-05
4.98E-05
4.98E-05
4.97E-05
4.97E-05
4.96E-05
4.96E-05
4.96E-05
4.95E-05
4.95E-05
4.95E-05
4.94E-05
4.94E-05
4.93E-05
4.93E-05
4.92E-05
4.92E-05
4.92E-05
4.92E-05
4.92E-05
4.92E-05
4.92E-05
4.92E-05
4.91E-05
4.91E-05
4.91E-05
4.91E-05
4.91E-05
4.90E-05
4.90E-05
4.89E-05
4.89E-05
4.88E-05
4.88E-05
4.88E-05
4.88E-05
4.87E-05
4.87E-05
4.87E-05
4.86E-05
4.86E-05
4.85E-05
4.85E-05
4.85E-05
4.84E-05
4.84E-05
4.84E-05
4.84E-05
4.83E-05
4.83E-05
4.83E-05
4.83E-05
4.82E-05
4.81E-05
4.81E-05
4.81E-05
4.80E-05
4.80E-05
4.80E-05
4.80E-05
4.80E-05
4.80E-05
4.80E-05
4.80E-05
4.80E-05
4.80E-05
4.80E-05
4.80E-05
4.79E-05
4.79E-05
4.79E-05
4.79E-05
4.79E-05
4.78E-05
4.78E-05
4.78E-05
4.78E-05
4.78E-05
4.77E-05
4.77E-05
4.77E-05
4.77E-05
4.77E-05
4.77E-05
4.76E-05
4.76E-05
4.75E-05
4.75E-05
4.74E-05
4.74E-05
4.73E-05
4.73E-05
4.73E-05
4.73E-05
4.72E-05
4.72E-05
4.71E-05
4.71E-05
4.71E-05
4.70E-05
4.70E-05
4.70E-05
4.70E-05
4.70E-05
4.69E-05
4.68E-05
4.68E-05
4.68E-05
4.68E-05
4.67E-05
4.67E-05
4.67E-05
4.66E-05
4.66E-05
4.66E-05
4.66E-05
4.65E-05
4.65E-05
4.65E-05
4.65E-05
4.64E-05
4.64E-05
4.64E-05
4.64E-05
4.63E-05
4.62E-05
4.61E-05
4.60E-05
4.60E-05
4.60E-05
4.59E-05
4.59E-05
4.59E-05
4.58E-05
4.58E-05
4.57E-05
4.57E-05
4.56E-05
4.56E-05
4.55E-05
4.55E-05
4.55E-05
4.54E-05
4.54E-05
4.53E-05
4.53E-05
4.53E-05
4.52E-05
4.52E-05
4.51E-05
4.51E-05
4.50E-05
4.50E-05
4.50E-05
4.50E-05
4.49E-05
4.49E-05
4.49E-05
4.49E-05
4.49E-05
4.49E-05
4.48E-05
4.48E-05
4.48E-05
4.47E-05
4.47E-05
4.47E-05
4.46E-05
4.46E-05
4.46E-05
4.45E-05
4.45E-05
4.45E-05
4.45E-05
4.44E-05
4.43E-05
4.43E-05
4.43E-05
4.42E-05
4.42E-05
4.42E-05
4.41E-05
4.41E-05
4.41E-05
4.41E-05
4.41E-05
4.40E-05
4.40E-05
4.39E-05
4.39E-05
4.39E-05
4.38E-05
4.38E-05
4.37E-05
4.37E-05
4.37E-05
4.37E-05
4.37E-05
4.37E-05
4.37E-05
4.36E-05
4.36E-05
4.36E-05
4.36E-05
4.36E-05
4.36E-05
4.36E-05
4.35E-05
4.35E-05
4.34E-05
4.34E-05
4.33E-05
4.33E-05
4.33E-05
4.33E-05
4.32E-05
4.32E-05
4.32E-05
4.32E-05
4.32E-05
4.32E-05
4.31E-05
4.31E-05
4.31E-05
4.31E-05
4.31E-05
4.31E-05
4.30E-05
4.30E-05
4.30E-05
4.29E-05
4.29E-05
4.29E-05
4.29E-05
4.29E-05
4.29E-05
4.29E-05
4.28E-05
4.28E-05
4.28E-05
4.28E-05
4.27E-05
4.27E-05
4.27E-05
4.27E-05
4.27E-05
4.27E-05
4.27E-05
4.26E-05
4.26E-05
4.26E-05
4.26E-05
4.26E-05
4.26E-05
4.26E-05
4.26E-05
4.25E-05
4.25E-05
4.25E-05
4.24E-05
4.24E-05
4.24E-05
4.24E-05
4.24E-05
4.24E-05
4.23E-05
4.23E-05
4.23E-05
4.23E-05
4.23E-05
4.22E-05
4.22E-05
4.22E-05
4.22E-05
4.21E-05
4.21E-05
4.21E-05
4.21E-05
4.20E-05
4.20E-05
4.20E-05
4.19E-05
4.19E-05
4.19E-05
4.19E-05
4.19E-05
4.18E-05
4.18E-05
4.18E-05
4.18E-05
4.18E-05
4.18E-05
4.17E-05
4.16E-05
4.16E-05
4.16E-05
4.16E-05
4.16E-05
4.16E-05
4.15E-05
4.15E-05
4.15E-05
4.15E-05
4.15E-05
4.14E-05
4.14E-05
4.14E-05
4.14E-05
4.14E-05
4.13E-05
4.13E-05
4.13E-05
4.13E-05
4.13E-05
4.12E-05
4.12E-05
4.12E-05
4.12E-05
4.11E-05
4.11E-05
4.11E-05
4.10E-05
4.10E-05
4.10E-05
4.10E-05
4.10E-05
4.09E-05
4.09E-05
4.09E-05
4.09E-05
4.09E-05
4.09E-05
4.09E-05
4.09E-05
4.08E-05
4.08E-05
4.08E-05
4.08E-05
4.08E-05
4.07E-05
4.07E-05
4.07E-05
4.06E-05
4.06E-05
4.06E-05
4.06E-05
4.05E-05
4.05E-05
4.05E-05
4.04E-05
4.04E-05
4.04E-05
4.04E-05
4.04E-05
4.04E-05
4.04E-05
4.03E-05
4.03E-05
4.03E-05
4.03E-05
4.03E-05
4.03E-05
4.02E-05
4.02E-05
4.01E-05
4.01E-05
4.01E-05
4.01E-05
4.01E-05
4.01E-05
4.01E-05
4.01E-05
4.01E-05
4.00E-05
4.00E-05
4.00E-05
4.00E-05
4.00E-05
4.00E-05
4.00E-05
4.00E-05
3.99E-05
3.98E-05
3.98E-05
3.98E-05
3.98E-05
3.97E-05
3.97E-05
3.97E-05
3.97E-05
3.97E-05
3.96E-05
3.96E-05
3.96E-05
3.96E-05
3.96E-05
3.96E-05
3.95E-05
3.95E-05
3.95E-05
3.95E-05
3.95E-05
3.95E-05
3.94E-05
3.94E-05
3.94E-05
3.93E-05
3.93E-05
3.93E-05
3.93E-05
3.92E-05
3.92E-05
3.91E-05
3.91E-05
3.91E-05
3.91E-05
3.91E-05
3.91E-05
3.90E-05
3.90E-05
3.90E-05
3.90E-05
3.90E-05
3.90E-05
3.90E-05
3.89E-05
3.89E-05
3.89E-05
3.89E-05
3.89E-05
3.89E-05
3.88E-05
3.88E-05
3.88E-05
3.88E-05
3.88E-05
3.88E-05
3.88E-05
3.88E-05
3.88E-05
3.88E-05
3.88E-05
3.88E-05
3.87E-05
3.87E-05
3.87E-05
3.87E-05
3.87E-05
3.86E-05
3.86E-05
3.86E-05
3.85E-05
3.85E-05
3.85E-05
3.85E-05
3.85E-05
3.85E-05
3.84E-05
3.83E-05
3.83E-05
3.82E-05
3.82E-05
3.82E-05
3.82E-05
3.82E-05
3.81E-05
3.81E-05
3.81E-05
3.81E-05
3.81E-05
3.81E-05
3.81E-05
3.81E-05
3.80E-05
3.80E-05
3.80E-05
3.80E-05
3.80E-05
3.80E-05
3.80E-05
3.79E-05
3.79E-05
3.79E-05
3.79E-05
3.79E-05
3.79E-05
3.79E-05
3.78E-05
3.78E-05
3.78E-05
3.78E-05
3.77E-05
3.77E-05
3.77E-05
3.76E-05
3.76E-05
3.76E-05
3.76E-05
3.75E-05
3.75E-05
3.75E-05
3.75E-05
3.75E-05
3.75E-05
3.74E-05
3.74E-05
3.74E-05
3.73E-05
3.73E-05
3.73E-05
3.73E-05
3.72E-05
3.72E-05
3.72E-05
3.72E-05
3.72E-05
3.72E-05
3.72E-05
3.72E-05
3.72E-05
3.72E-05
3.71E-05
3.71E-05
3.71E-05
3.70E-05
3.70E-05
3.70E-05
3.70E-05
3.69E-05
3.68E-05
3.68E-05
3.68E-05
3.67E-05
3.67E-05
3.67E-05
3.67E-05
3.67E-05
3.66E-05
3.66E-05
3.66E-05
3.66E-05
3.66E-05
3.66E-05
3.66E-05
3.65E-05
3.65E-05
3.65E-05
3.65E-05
3.65E-05
3.65E-05
3.65E-05
3.64E-05
3.64E-05
3.64E-05
3.64E-05
3.64E-05
3.63E-05
3.63E-05
3.63E-05
3.63E-05
3.62E-05
3.62E-05
3.62E-05
3.62E-05
3.61E-05
3.61E-05
3.61E-05
3.61E-05
3.61E-05
3.60E-05
3.60E-05
3.60E-05
3.60E-05
3.60E-05
3.60E-05
3.59E-05
3.59E-05
3.59E-05
3.59E-05
3.58E-05
3.58E-05
3.58E-05
3.57E-05
3.57E-05
3.57E-05
3.57E-05
3.55E-05
3.55E-05
3.54E-05
3.54E-05
3.53E-05
3.53E-05
3.53E-05
3.53E-05
3.53E-05
3.52E-05
3.52E-05
3.52E-05
3.52E-05
3.52E-05
3.52E-05
3.52E-05
3.51E-05
3.51E-05
3.51E-05
3.51E-05
3.50E-05
3.50E-05
3.50E-05
3.50E-05
3.50E-05
3.50E-05
3.50E-05
3.50E-05
3.50E-05
3.49E-05
3.49E-05
3.49E-05
3.49E-05
3.49E-05
3.48E-05
3.48E-05
3.48E-05
3.48E-05
3.48E-05
3.48E-05
3.47E-05
3.47E-05
3.47E-05
3.47E-05
3.47E-05
3.47E-05
3.46E-05
3.46E-05
3.46E-05
3.46E-05
3.45E-05
3.45E-05
3.45E-05
3.45E-05
3.45E-05
3.45E-05
3.45E-05
3.45E-05
3.45E-05
3.45E-05
3.45E-05
3.45E-05
3.45E-05
3.45E-05
3.45E-05
3.45E-05
3.44E-05
3.44E-05
3.44E-05
3.44E-05
3.44E-05
3.43E-05
3.42E-05
3.42E-05
3.42E-05
3.42E-05
3.42E-05
3.42E-05
3.41E-05
3.41E-05
3.41E-05
3.41E-05
3.41E-05
3.41E-05
3.40E-05
3.40E-05
3.40E-05
3.40E-05
3.40E-05
3.40E-05
3.40E-05
3.40E-05
3.40E-05
3.40E-05
3.40E-05
3.40E-05
3.39E-05
3.39E-05
3.39E-05
3.39E-05
3.39E-05
3.38E-05
3.38E-05
3.38E-05
3.38E-05
3.37E-05
3.37E-05
3.37E-05
3.37E-05
3.37E-05
3.37E-05
3.37E-05
3.37E-05
3.36E-05
3.36E-05
3.36E-05
3.36E-05
3.36E-05
3.35E-05
3.35E-05
3.35E-05
3.35E-05
3.35E-05
3.35E-05
3.35E-05
3.35E-05
3.34E-05
3.34E-05
3.34E-05
3.34E-05
3.34E-05
3.33E-05
3.33E-05
3.33E-05
3.33E-05
3.33E-05
3.33E-05
3.32E-05
3.32E-05
3.32E-05
3.31E-05
3.31E-05
3.31E-05
3.30E-05
3.30E-05
3.30E-05
3.30E-05
3.30E-05
3.30E-05
3.30E-05
3.30E-05
3.30E-05
3.30E-05
3.29E-05
3.29E-05
3.29E-05
3.29E-05
3.29E-05
3.29E-05
3.29E-05
3.29E-05
3.29E-05
3.28E-05
3.28E-05
3.27E-05
3.27E-05
3.26E-05
3.26E-05
3.26E-05
3.26E-05
3.26E-05
3.26E-05
3.26E-05
3.25E-05
3.25E-05
3.25E-05
3.25E-05
3.25E-05
3.25E-05
3.25E-05
3.25E-05
3.24E-05
3.24E-05
3.24E-05
3.24E-05
3.24E-05
3.24E-05
3.24E-05
3.24E-05
3.24E-05
3.24E-05
3.24E-05
3.24E-05
3.24E-05
3.23E-05
3.23E-05
3.23E-05
3.23E-05
3.23E-05
3.23E-05
3.23E-05
3.22E-05
3.22E-05
3.22E-05
3.22E-05
3.22E-05
3.22E-05
3.22E-05
3.21E-05
3.21E-05
3.21E-05
3.21E-05
3.21E-05
3.21E-05
3.21E-05
3.20E-05
3.20E-05
3.20E-05
3.20E-05
3.20E-05
3.20E-05
3.20E-05
3.19E-05
3.19E-05
3.19E-05
3.19E-05
3.19E-05
3.19E-05
3.19E-05
3.18E-05
3.18E-05
3.18E-05
3.18E-05
3.18E-05
3.18E-05
3.18E-05
3.17E-05
3.17E-05
3.17E-05
3.17E-05
3.17E-05
3.17E-05
3.17E-05
3.16E-05
3.16E-05
3.16E-05
3.16E-05
3.16E-05
3.16E-05
3.16E-05
3.16E-05
3.16E-05
3.16E-05
3.15E-05
3.15E-05
3.14E-05
3.14E-05
3.14E-05
3.14E-05
3.14E-05
3.14E-05
3.14E-05
3.14E-05
3.14E-05
3.14E-05
3.14E-05
3.14E-05
3.14E-05
3.14E-05
3.13E-05
3.13E-05
3.13E-05
3.13E-05
3.13E-05
3.12E-05
3.12E-05
3.12E-05
3.12E-05
3.12E-05
3.12E-05
3.12E-05
3.12E-05
3.12E-05
3.12E-05
3.12E-05
3.12E-05
3.11E-05
3.11E-05
3.11E-05
3.11E-05
3.11E-05
3.11E-05
3.10E-05
3.10E-05
3.10E-05
3.09E-05
3.09E-05
3.09E-05
3.09E-05
3.09E-05
3.09E-05
3.08E-05
3.08E-05
3.08E-05
3.08E-05
3.08E-05
3.07E-05
3.07E-05
3.07E-05
3.07E-05
3.07E-05
3.07E-05
3.07E-05
3.07E-05
3.06E-05
3.06E-05
3.06E-05
3.06E-05
3.06E-05
3.06E-05
3.06E-05
3.05E-05
3.05E-05
3.05E-05
3.05E-05
3.05E-05
3.05E-05
3.05E-05
3.05E-05
3.04E-05
3.04E-05
3.04E-05
3.04E-05
3.04E-05
3.04E-05
3.04E-05
3.04E-05
3.04E-05
3.04E-05
3.04E-05
3.04E-05
3.03E-05
3.03E-05
3.03E-05
3.03E-05
3.03E-05
3.03E-05
3.03E-05
3.02E-05
3.02E-05
3.02E-05
3.02E-05
3.02E-05
3.02E-05
3.02E-05
3.02E-05
3.01E-05
3.01E-05
3.01E-05
3.01E-05
3.01E-05
3.01E-05
3.01E-05
3.00E-05
3.00E-05
3.00E-05
3.00E-05
3.00E-05
3.00E-05
3.00E-05
2.99E-05
2.99E-05
2.99E-05
2.99E-05
2.99E-05
2.99E-05
2.98E-05
2.98E-05
2.98E-05
2.98E-05
2.98E-05
2.98E-05
2.98E-05
2.98E-05
2.98E-05
2.98E-05
2.96E-05
2.96E-05
2.96E-05
2.96E-05
2.96E-05
2.96E-05
2.96E-05
2.95E-05
2.95E-05
2.95E-05
2.95E-05
2.95E-05
2.95E-05
2.95E-05
2.95E-05
2.94E-05
2.94E-05
2.94E-05
2.94E-05
2.94E-05
2.94E-05
2.93E-05
2.93E-05
2.93E-05
2.93E-05
2.93E-05
2.93E-05
2.93E-05
2.93E-05
2.93E-05
2.92E-05
2.92E-05
2.92E-05
2.92E-05
2.92E-05
2.92E-05
2.92E-05
2.91E-05
2.91E-05
2.91E-05
2.91E-05
2.91E-05
2.90E-05
2.90E-05
2.90E-05
2.90E-05
2.90E-05
2.90E-05
2.89E-05
2.89E-05
2.89E-05
2.89E-05
2.89E-05
2.89E-05
2.89E-05
2.89E-05
2.89E-05
2.88E-05
2.88E-05
2.87E-05
2.87E-05
2.87E-05
2.87E-05
2.87E-05
2.86E-05
2.86E-05
2.86E-05
2.86E-05
2.86E-05
2.86E-05
2.86E-05
2.86E-05
2.86E-05
2.86E-05
2.86E-05
2.86E-05
2.86E-05
2.85E-05
2.85E-05
2.85E-05
2.85E-05
2.84E-05
2.84E-05
2.84E-05
2.84E-05
2.84E-05
2.83E-05
2.83E-05
2.83E-05
2.83E-05
2.83E-05
2.83E-05
2.83E-05
2.83E-05
2.83E-05
2.83E-05
2.83E-05
2.83E-05
2.83E-05
2.82E-05
2.82E-05
2.82E-05
2.82E-05
2.82E-05
2.82E-05
2.82E-05
2.82E-05
2.82E-05
2.82E-05
2.81E-05
2.81E-05
2.81E-05
2.81E-05
2.81E-05
2.81E-05
2.81E-05
2.81E-05
2.80E-05
2.80E-05
2.80E-05
2.80E-05
2.79E-05
2.79E-05
2.79E-05
2.79E-05
2.79E-05
2.79E-05
2.79E-05
2.79E-05
2.79E-05
2.79E-05
2.79E-05
2.79E-05
2.78E-05
2.78E-05
2.78E-05
2.78E-05
2.78E-05
2.78E-05
2.78E-05
2.78E-05
2.78E-05
2.78E-05
2.77E-05
2.77E-05
2.77E-05
2.77E-05
2.77E-05
2.77E-05
2.76E-05
2.76E-05
2.76E-05
2.76E-05
2.76E-05
2.76E-05
2.76E-05
2.76E-05
2.75E-05
2.75E-05
2.75E-05
2.75E-05
2.75E-05
2.75E-05
2.75E-05
2.75E-05
2.74E-05
2.74E-05
2.74E-05
2.74E-05
2.74E-05
2.74E-05
2.74E-05
2.74E-05
2.74E-05
2.74E-05
2.74E-05
2.74E-05
2.74E-05
2.74E-05
2.73E-05
2.73E-05
2.73E-05
2.73E-05
2.73E-05
2.73E-05
2.73E-05
2.73E-05
2.73E-05
2.73E-05
2.73E-05
2.73E-05
2.73E-05
2.73E-05
2.72E-05
2.72E-05
2.72E-05
2.72E-05
2.72E-05
2.72E-05
2.72E-05
2.72E-05
2.71E-05
2.71E-05
2.71E-05
2.71E-05
2.71E-05
2.71E-05
2.71E-05
2.71E-05
2.71E-05
2.70E-05
2.70E-05
2.70E-05
2.70E-05
2.70E-05
2.70E-05
2.70E-05
2.70E-05
2.70E-05
2.70E-05
2.70E-05
2.70E-05
2.70E-05
2.70E-05
2.70E-05
2.70E-05
2.69E-05
2.69E-05
2.69E-05
2.69E-05
2.69E-05
2.68E-05
2.68E-05
2.68E-05
2.68E-05
2.68E-05
2.68E-05
2.68E-05
2.67E-05
2.67E-05
2.67E-05
2.67E-05
2.66E-05
2.66E-05
2.66E-05
2.66E-05
2.66E-05
2.66E-05
2.66E-05
2.66E-05
2.66E-05
2.66E-05
2.65E-05
2.65E-05
2.65E-05
2.65E-05
2.65E-05
2.65E-05
2.65E-05
2.65E-05
2.65E-05
2.65E-05
2.65E-05
2.65E-05
2.65E-05
2.65E-05
2.65E-05
2.65E-05
2.64E-05
2.64E-05
2.64E-05
2.64E-05
2.64E-05
2.64E-05
2.64E-05
2.64E-05
2.63E-05
2.63E-05
2.63E-05
2.63E-05
2.63E-05
2.63E-05
2.63E-05
2.63E-05
2.63E-05
2.62E-05
2.62E-05
2.62E-05
2.62E-05
2.61E-05
2.61E-05
2.61E-05
2.61E-05
2.61E-05
2.61E-05
2.61E-05
2.61E-05
2.61E-05
2.61E-05
2.61E-05
2.60E-05
2.60E-05
2.60E-05
2.60E-05
2.60E-05
2.60E-05
2.60E-05
2.60E-05
2.60E-05
2.60E-05
2.60E-05
2.59E-05
2.59E-05
2.59E-05
2.59E-05
2.59E-05
2.59E-05
2.59E-05
2.59E-05
2.59E-05
2.59E-05
2.59E-05
2.59E-05
2.59E-05
2.59E-05
2.59E-05
2.59E-05
2.58E-05
2.58E-05
2.58E-05
2.58E-05
2.58E-05
2.58E-05
2.58E-05
2.58E-05
2.58E-05
2.58E-05
2.58E-05
2.57E-05
2.57E-05
2.57E-05
2.57E-05
2.56E-05
2.56E-05
2.56E-05
2.56E-05
2.56E-05
2.56E-05
2.56E-05
2.56E-05
2.56E-05
2.56E-05
2.55E-05
2.55E-05
2.55E-05
2.55E-05
2.55E-05
2.55E-05
2.55E-05
2.55E-05
2.55E-05
2.55E-05
2.55E-05
2.54E-05
2.54E-05
2.54E-05
2.54E-05
2.54E-05
2.54E-05
2.54E-05
2.54E-05
2.54E-05
2.54E-05
2.53E-05
2.53E-05
2.53E-05
2.53E-05
2.53E-05
2.53E-05
2.53E-05
2.53E-05
2.53E-05
2.53E-05
2.53E-05
2.52E-05
2.52E-05
2.52E-05
2.52E-05
2.52E-05
2.52E-05
2.52E-05
2.52E-05
2.52E-05
2.52E-05
2.52E-05
2.52E-05
2.52E-05
2.52E-05
2.51E-05
2.51E-05
2.51E-05
2.51E-05
2.51E-05
2.51E-05
2.51E-05
2.51E-05
2.51E-05
2.50E-05
2.50E-05
2.50E-05
2.50E-05
2.50E-05
2.50E-05
2.49E-05
2.49E-05
2.49E-05
2.49E-05
2.49E-05
2.48E-05
2.48E-05
2.48E-05
2.48E-05
2.48E-05
2.48E-05
2.48E-05
2.48E-05
2.48E-05
2.48E-05
2.48E-05
2.48E-05
2.48E-05
2.48E-05
2.47E-05
2.47E-05
2.47E-05
2.47E-05
2.47E-05
2.47E-05
2.47E-05
2.47E-05
2.47E-05
2.47E-05
2.47E-05
2.47E-05
2.47E-05
2.47E-05
2.46E-05
2.46E-05
2.46E-05
2.46E-05
2.46E-05
2.46E-05
2.46E-05
2.46E-05
2.46E-05
2.46E-05
2.45E-05
2.45E-05
2.45E-05
2.45E-05
2.45E-05
2.45E-05
2.45E-05
2.45E-05
2.45E-05
2.45E-05
2.45E-05
2.45E-05
2.45E-05
2.45E-05
2.45E-05
2.45E-05
2.45E-05
2.45E-05
2.45E-05
2.45E-05
2.45E-05
2.44E-05
2.44E-05
2.44E-05
2.44E-05
2.44E-05
2.44E-05
2.44E-05
2.44E-05
2.43E-05
2.43E-05
2.43E-05
2.43E-05
2.43E-05
2.43E-05
2.43E-05
2.42E-05
2.42E-05
2.42E-05
2.42E-05
2.42E-05
2.42E-05
2.42E-05
2.42E-05
2.42E-05
2.42E-05
2.41E-05
2.41E-05
2.41E-05
2.41E-05
2.41E-05
2.41E-05
2.41E-05
2.41E-05
2.41E-05
2.41E-05
2.40E-05
2.40E-05
2.40E-05
2.40E-05
2.40E-05
2.40E-05
2.40E-05
2.40E-05
2.40E-05
2.39E-05
2.39E-05
2.39E-05
2.39E-05
2.39E-05
2.39E-05
2.39E-05
2.38E-05
2.38E-05
2.38E-05
2.38E-05
2.38E-05
2.38E-05
2.38E-05
2.38E-05
2.38E-05
2.38E-05
2.38E-05
2.38E-05
2.38E-05
2.38E-05
2.38E-05
2.37E-05
2.37E-05
2.37E-05
2.37E-05
2.37E-05
2.37E-05
2.37E-05
2.37E-05
2.37E-05
2.37E-05
2.37E-05
2.37E-05
2.36E-05
2.36E-05
2.36E-05
2.36E-05
2.36E-05
2.36E-05
2.36E-05
2.36E-05
2.35E-05
2.35E-05
2.35E-05
2.35E-05
2.35E-05
2.35E-05
2.35E-05
2.35E-05
2.35E-05
2.35E-05
2.35E-05
2.35E-05
2.35E-05
2.35E-05
2.35E-05
2.35E-05
2.35E-05
2.35E-05
2.35E-05
2.35E-05
2.35E-05
2.35E-05
2.34E-05
2.34E-05
2.34E-05
2.34E-05
2.34E-05
2.34E-05
2.34E-05
2.34E-05
2.34E-05
2.34E-05
2.34E-05
2.34E-05
2.34E-05
2.34E-05
2.34E-05
2.34E-05
2.34E-05
2.34E-05
2.33E-05
2.33E-05
2.33E-05
2.33E-05
2.33E-05
2.33E-05
2.33E-05
2.33E-05
2.33E-05
2.33E-05
2.33E-05
2.33E-05
2.32E-05
2.32E-05
2.32E-05
2.32E-05
2.32E-05
2.32E-05
2.32E-05
2.32E-05
2.32E-05
2.32E-05
2.31E-05
2.31E-05
2.31E-05
2.31E-05
2.31E-05
2.31E-05
2.31E-05
2.31E-05
2.31E-05
2.30E-05
2.30E-05
2.30E-05
2.30E-05
2.30E-05
2.30E-05
2.30E-05
2.30E-05
2.30E-05
2.30E-05
2.30E-05
2.30E-05
2.30E-05
2.30E-05
2.30E-05
2.29E-05
2.29E-05
2.29E-05
2.29E-05
2.29E-05
2.29E-05
2.29E-05
2.29E-05
2.29E-05
2.29E-05
2.29E-05
2.29E-05
2.28E-05
2.28E-05
2.28E-05
2.28E-05
2.28E-05
2.28E-05
2.28E-05
2.28E-05
2.28E-05
2.28E-05
2.27E-05
2.27E-05
2.27E-05
2.27E-05
2.27E-05
2.27E-05
2.27E-05
2.27E-05
2.27E-05
2.27E-05
2.27E-05
2.27E-05
2.27E-05
2.27E-05
2.27E-05
2.27E-05
2.27E-05
2.27E-05
2.27E-05
2.26E-05
2.26E-05
2.26E-05
2.26E-05
2.26E-05
2.26E-05
2.26E-05
2.26E-05
2.26E-05
2.25E-05
2.25E-05
2.25E-05
2.25E-05
2.25E-05
2.25E-05
2.25E-05
2.25E-05
2.25E-05
2.25E-05
2.25E-05
2.25E-05
2.25E-05
2.25E-05
2.25E-05
2.25E-05
2.25E-05
2.25E-05
2.24E-05
2.24E-05
2.24E-05
2.24E-05
2.24E-05
2.24E-05
2.24E-05
2.24E-05
2.24E-05
2.24E-05
2.24E-05
2.24E-05
2.24E-05
2.24E-05
2.23E-05
2.23E-05
2.23E-05
2.23E-05
2.23E-05
2.23E-05
2.23E-05
2.23E-05
2.23E-05
2.23E-05
2.23E-05
2.22E-05
2.22E-05
2.22E-05
2.22E-05
2.22E-05
2.22E-05
2.22E-05
2.22E-05
2.22E-05
2.22E-05
2.22E-05
2.22E-05
2.22E-05
2.22E-05
2.21E-05
2.21E-05
2.21E-05
2.21E-05
2.21E-05
2.20E-05
2.20E-05
2.20E-05
2.20E-05
2.20E-05
2.20E-05
2.20E-05
2.20E-05
2.20E-05
2.20E-05
2.20E-05
2.20E-05
2.20E-05
2.20E-05
2.20E-05
2.20E-05
2.19E-05
2.19E-05
2.19E-05
2.19E-05
2.19E-05
2.19E-05
2.19E-05
2.19E-05
2.19E-05
2.19E-05
2.19E-05
2.19E-05
2.19E-05
2.19E-05
2.18E-05
2.18E-05
2.18E-05
2.18E-05
2.18E-05
2.18E-05
2.18E-05
2.18E-05
2.18E-05
2.18E-05
2.18E-05
2.18E-05
2.17E-05
2.17E-05
2.17E-05
2.17E-05
2.17E-05
2.17E-05
2.16E-05
2.16E-05
2.16E-05
2.16E-05
2.16E-05
2.16E-05
2.16E-05
2.15E-05
2.15E-05
2.15E-05
2.15E-05
2.15E-05
2.15E-05
2.15E-05
2.15E-05
2.15E-05
2.15E-05
2.15E-05
2.15E-05
2.15E-05
2.15E-05
2.15E-05
2.15E-05
2.15E-05
2.15E-05
2.15E-05
2.14E-05
2.14E-05
2.14E-05
2.14E-05
2.14E-05
2.14E-05
2.14E-05
2.14E-05
2.14E-05
2.14E-05
2.14E-05
2.14E-05
2.14E-05
2.14E-05
2.14E-05
2.13E-05
2.13E-05
2.13E-05
2.13E-05
2.13E-05
2.13E-05
2.13E-05
2.13E-05
2.13E-05
2.13E-05
2.13E-05
2.12E-05
2.12E-05
2.12E-05
2.12E-05
2.12E-05
2.12E-05
2.12E-05
2.12E-05
2.12E-05
2.12E-05
2.11E-05
2.11E-05
2.11E-05
2.11E-05
2.11E-05
2.11E-05
2.11E-05
2.10E-05
2.10E-05
2.10E-05
2.10E-05
2.10E-05
2.10E-05
2.10E-05
2.10E-05
2.10E-05
2.10E-05
2.10E-05
2.10E-05
2.09E-05
2.09E-05
2.09E-05
2.09E-05
2.09E-05
2.09E-05
2.09E-05
2.09E-05
2.09E-05
2.09E-05
2.09E-05
2.09E-05
2.09E-05
2.09E-05
2.09E-05
2.09E-05
2.09E-05
2.09E-05
2.08E-05
2.08E-05
2.08E-05
2.08E-05
2.08E-05
2.08E-05
2.08E-05
2.08E-05
2.08E-05
2.08E-05
2.08E-05
2.08E-05
2.08E-05
2.08E-05
2.07E-05
2.07E-05
2.07E-05
2.07E-05
2.07E-05
2.07E-05
2.07E-05
2.07E-05
2.07E-05
2.07E-05
2.07E-05
2.07E-05
2.07E-05
2.07E-05
2.06E-05
2.06E-05
2.06E-05
2.06E-05
2.06E-05
2.06E-05
2.06E-05
2.06E-05
2.06E-05
2.06E-05
2.06E-05
2.06E-05
2.06E-05
2.05E-05
2.05E-05
2.05E-05
2.05E-05
2.05E-05
2.05E-05
2.05E-05
2.05E-05
2.05E-05
2.05E-05
2.04E-05
2.04E-05
2.04E-05
2.04E-05
2.04E-05
2.04E-05
2.04E-05
2.04E-05
2.04E-05
2.04E-05
2.04E-05
2.04E-05
2.04E-05
2.04E-05
2.04E-05
2.04E-05
2.03E-05
2.03E-05
2.03E-05
2.03E-05
2.03E-05
2.03E-05
2.03E-05
2.03E-05
2.03E-05
2.02E-05
2.02E-05
2.02E-05
2.02E-05
2.02E-05
2.02E-05
2.02E-05
2.02E-05
2.02E-05
2.02E-05
2.02E-05
2.02E-05
2.02E-05
2.02E-05
2.01E-05
2.01E-05
2.01E-05
2.01E-05
2.01E-05
2.01E-05
2.01E-05
2.01E-05
2.01E-05
2.01E-05
2.01E-05
2.01E-05
2.01E-05
2.01E-05
2.01E-05
2.01E-05
2.01E-05
2.01E-05
2.00E-05
2.00E-05
2.00E-05
2.00E-05
2.00E-05
2.00E-05
2.00E-05
2.00E-05
2.00E-05
2.00E-05
1.99E-05
1.99E-05
1.99E-05
1.99E-05
1.99E-05
1.99E-05
1.99E-05
1.99E-05
1.99E-05
1.99E-05
1.99E-05
1.99E-05
1.99E-05
1.98E-05
1.98E-05
1.98E-05
1.98E-05
1.98E-05
1.98E-05
1.98E-05
1.98E-05
1.98E-05
1.98E-05
1.98E-05
1.98E-05
1.97E-05
1.97E-05
1.97E-05
1.97E-05
1.97E-05
1.97E-05
1.97E-05
1.97E-05
1.97E-05
1.97E-05
1.97E-05
1.97E-05
1.97E-05
1.97E-05
1.97E-05
1.97E-05
1.97E-05
1.97E-05
1.96E-05
1.96E-05
1.96E-05
1.96E-05
1.96E-05
1.96E-05
1.96E-05
1.96E-05
1.96E-05
1.96E-05
1.96E-05
1.96E-05
1.96E-05
1.96E-05
1.96E-05
1.96E-05
1.96E-05
1.96E-05
1.96E-05
1.96E-05
1.96E-05
1.95E-05
1.95E-05
1.95E-05
1.95E-05
1.95E-05
1.95E-05
1.95E-05
1.95E-05
1.95E-05
1.94E-05
1.94E-05
1.94E-05
1.94E-05
1.94E-05
1.94E-05
1.94E-05
1.94E-05
1.94E-05
1.94E-05
1.94E-05
1.94E-05
1.94E-05
1.94E-05
1.94E-05
1.94E-05
1.94E-05
1.93E-05
1.93E-05
1.93E-05
1.93E-05
1.93E-05
1.93E-05
1.93E-05
1.93E-05
1.93E-05
1.93E-05
1.93E-05
1.93E-05
1.93E-05
1.93E-05
1.92E-05
1.92E-05
1.92E-05
1.92E-05
1.92E-05
1.92E-05
1.92E-05
1.92E-05
1.92E-05
1.92E-05
1.92E-05
1.92E-05
1.92E-05
1.92E-05
1.92E-05
1.92E-05
1.92E-05
1.92E-05
1.92E-05
1.92E-05
1.92E-05
1.92E-05
1.91E-05
1.91E-05
1.91E-05
1.91E-05
1.91E-05
1.91E-05
1.91E-05
1.91E-05
1.91E-05
1.91E-05
1.91E-05
1.91E-05
1.91E-05
1.91E-05
1.91E-05
1.91E-05
1.91E-05
1.91E-05
1.91E-05
1.91E-05
1.91E-05
1.91E-05
1.91E-05
1.91E-05
1.90E-05
1.90E-05
1.90E-05
1.90E-05
1.90E-05
1.90E-05
1.90E-05
1.90E-05
1.90E-05
1.89E-05
1.89E-05
1.89E-05
1.89E-05
1.89E-05
1.89E-05
1.89E-05
1.89E-05
1.89E-05
1.89E-05
1.89E-05
1.89E-05
1.89E-05
1.89E-05
1.89E-05
1.89E-05
1.89E-05
1.89E-05
1.89E-05
1.89E-05
1.89E-05
1.88E-05
1.88E-05
1.88E-05
1.88E-05
1.88E-05
1.88E-05
1.88E-05
1.88E-05
1.88E-05
1.87E-05
1.87E-05
1.87E-05
1.87E-05
1.87E-05
1.87E-05
1.87E-05
1.87E-05
1.87E-05
1.87E-05
1.87E-05
1.87E-05
1.87E-05
1.87E-05
1.87E-05
1.87E-05
1.87E-05
1.87E-05
1.87E-05
1.87E-05
1.86E-05
1.86E-05
1.86E-05
1.86E-05
1.86E-05
1.86E-05
1.86E-05
1.86E-05
1.86E-05
1.86E-05
1.86E-05
1.86E-05
1.86E-05
1.86E-05
1.86E-05
1.86E-05
1.86E-05
1.86E-05
1.86E-05
1.86E-05
1.86E-05
1.86E-05
1.86E-05
1.86E-05
1.86E-05
1.85E-05
1.85E-05
1.85E-05
1.85E-05
1.85E-05
1.85E-05
1.85E-05
1.85E-05
1.85E-05
1.85E-05
1.84E-05
1.84E-05
1.84E-05
1.84E-05
1.84E-05
1.84E-05
1.84E-05
1.84E-05
1.84E-05
1.84E-05
1.84E-05
1.84E-05
1.84E-05
1.84E-05
1.84E-05
1.84E-05
1.84E-05
1.84E-05
1.84E-05
1.84E-05
1.84E-05
1.84E-05
1.84E-05
1.84E-05
1.84E-05
1.84E-05
1.84E-05
1.83E-05
1.83E-05
1.83E-05
1.83E-05
1.83E-05
1.83E-05
1.83E-05
1.83E-05
1.83E-05
1.83E-05
1.83E-05
1.83E-05
1.83E-05
1.82E-05
1.82E-05
1.82E-05
1.82E-05
1.82E-05
1.82E-05
1.82E-05
1.82E-05
1.82E-05
1.82E-05
1.82E-05
1.82E-05
1.82E-05
1.82E-05
1.82E-05
1.82E-05
1.82E-05
1.82E-05
1.82E-05
1.82E-05
1.82E-05
1.81E-05
1.81E-05
1.81E-05
1.81E-05
1.81E-05
1.81E-05
1.81E-05
1.81E-05
1.81E-05
1.81E-05
1.81E-05
1.81E-05
1.81E-05
1.81E-05
1.81E-05
1.81E-05
1.81E-05
1.80E-05
1.80E-05
1.80E-05
1.80E-05
1.80E-05
1.80E-05
1.80E-05
1.80E-05
1.80E-05
1.80E-05
1.80E-05
1.80E-05
1.80E-05
1.80E-05
1.80E-05
1.80E-05
1.79E-05
1.79E-05
1.79E-05
1.79E-05
1.79E-05
1.79E-05
1.79E-05
1.79E-05
1.79E-05
1.79E-05
1.79E-05
1.79E-05
1.79E-05
1.79E-05
1.79E-05
1.79E-05
1.79E-05
1.79E-05
1.79E-05
1.79E-05
1.79E-05
1.78E-05
1.78E-05
1.78E-05
1.78E-05
1.78E-05
1.78E-05
1.78E-05
1.78E-05
1.78E-05
1.78E-05
1.78E-05
1.78E-05
1.78E-05
1.78E-05
1.78E-05
1.78E-05
1.78E-05
1.78E-05
1.78E-05
1.78E-05
1.78E-05
1.78E-05
1.78E-05
1.77E-05
1.77E-05
1.77E-05
1.77E-05
1.77E-05
1.77E-05
1.77E-05
1.77E-05
1.77E-05
1.77E-05
1.77E-05
1.77E-05
1.76E-05
1.76E-05
1.76E-05
1.76E-05
1.76E-05
1.76E-05
1.76E-05
1.76E-05
1.76E-05
1.76E-05
1.76E-05
1.76E-05
1.76E-05
1.76E-05
1.76E-05
1.76E-05
1.76E-05
1.76E-05
1.76E-05
1.76E-05
1.75E-05
1.75E-05
1.75E-05
1.75E-05
1.75E-05
1.75E-05
1.75E-05
1.75E-05
1.75E-05
1.75E-05
1.75E-05
1.74E-05
1.74E-05
1.74E-05
1.74E-05
1.74E-05
1.74E-05
1.74E-05
1.74E-05
1.74E-05
1.74E-05
1.74E-05
1.74E-05
1.74E-05
1.74E-05
1.74E-05
1.74E-05
1.74E-05
1.74E-05
1.74E-05
1.74E-05
1.74E-05
1.74E-05
1.74E-05
1.74E-05
1.74E-05
1.74E-05
1.74E-05
1.73E-05
1.73E-05
1.73E-05
1.73E-05
1.73E-05
1.73E-05
1.73E-05
1.73E-05
1.73E-05
1.73E-05
1.73E-05
1.73E-05
1.73E-05
1.73E-05
1.73E-05
1.73E-05
1.73E-05
1.73E-05
1.73E-05
1.73E-05
1.72E-05
1.72E-05
1.72E-05
1.72E-05
1.72E-05
1.72E-05
1.72E-05
1.72E-05
1.72E-05
1.72E-05
1.72E-05
1.72E-05
1.72E-05
1.72E-05
1.72E-05
1.71E-05
1.71E-05
1.71E-05
1.71E-05
1.71E-05
1.71E-05
1.71E-05
1.71E-05
1.71E-05
1.71E-05
1.71E-05
1.71E-05
1.71E-05
1.71E-05
1.71E-05
1.71E-05
1.70E-05
1.70E-05
1.70E-05
1.70E-05
1.70E-05
1.70E-05
1.70E-05
1.70E-05
1.70E-05
1.70E-05
1.70E-05
1.70E-05
1.70E-05
1.69E-05
1.69E-05
1.69E-05
1.69E-05
1.69E-05
1.69E-05
1.69E-05
1.69E-05
1.69E-05
1.69E-05
1.69E-05
1.69E-05
1.69E-05
1.69E-05
1.68E-05
1.68E-05
1.68E-05
1.68E-05
1.68E-05
1.68E-05
1.68E-05
1.68E-05
1.68E-05
1.68E-05
1.68E-05
1.68E-05
1.68E-05
1.68E-05
1.68E-05
1.68E-05
1.68E-05
1.68E-05
1.68E-05
1.68E-05
1.68E-05
1.68E-05
1.68E-05
1.68E-05
1.67E-05
1.67E-05
1.67E-05
1.67E-05
1.67E-05
1.67E-05
1.67E-05
1.67E-05
1.67E-05
1.67E-05
1.67E-05
1.67E-05
1.67E-05
1.67E-05
1.67E-05
1.67E-05
1.67E-05
1.66E-05
1.66E-05
1.66E-05
1.66E-05
1.66E-05
1.66E-05
1.66E-05
1.66E-05
1.66E-05
1.66E-05
1.66E-05
1.66E-05
1.66E-05
1.66E-05
1.66E-05
1.66E-05
1.66E-05
1.66E-05
1.66E-05
1.66E-05
1.65E-05
1.65E-05
1.65E-05
1.65E-05
1.65E-05
1.65E-05
1.65E-05
1.65E-05
1.65E-05
1.65E-05
1.65E-05
1.65E-05
1.65E-05
1.65E-05
1.65E-05
1.65E-05
1.65E-05
1.65E-05
1.65E-05
1.64E-05
1.64E-05
1.64E-05
1.64E-05
1.64E-05
1.64E-05
1.64E-05
1.64E-05
1.64E-05
1.64E-05
1.64E-05
1.64E-05
1.64E-05
1.64E-05
1.64E-05
1.64E-05
1.64E-05
1.64E-05
1.64E-05
1.64E-05
1.64E-05
1.64E-05
1.63E-05
1.63E-05
1.63E-05
1.63E-05
1.63E-05
1.63E-05
1.63E-05
1.63E-05
1.63E-05
1.63E-05
1.63E-05
1.63E-05
1.63E-05
1.63E-05
1.63E-05
1.63E-05
1.63E-05
1.63E-05
1.63E-05
1.63E-05
1.62E-05
1.62E-05
1.62E-05
1.62E-05
1.62E-05
1.62E-05
1.62E-05
1.62E-05
1.62E-05
1.62E-05
1.61E-05
1.61E-05
1.61E-05
1.61E-05
1.61E-05
1.61E-05
1.61E-05
1.61E-05
1.61E-05
1.61E-05
1.61E-05
1.61E-05
1.61E-05
1.61E-05
1.61E-05
1.61E-05
1.61E-05
1.61E-05
1.61E-05
1.61E-05
1.61E-05
1.61E-05
1.61E-05
1.60E-05
1.60E-05
1.60E-05
1.60E-05
1.60E-05
1.60E-05
1.60E-05
1.60E-05
1.60E-05
1.60E-05
1.60E-05
1.60E-05
1.60E-05
1.59E-05
1.59E-05
1.59E-05
1.59E-05
1.59E-05
1.59E-05
1.59E-05
1.59E-05
1.59E-05
1.59E-05
1.59E-05
1.59E-05
1.59E-05
1.59E-05
1.59E-05
1.59E-05
1.59E-05
1.59E-05
1.59E-05
1.59E-05
1.59E-05
1.59E-05
1.59E-05
1.59E-05
1.59E-05
1.59E-05
1.58E-05
1.58E-05
1.58E-05
1.58E-05
1.58E-05
1.58E-05
1.58E-05
1.58E-05
1.58E-05
1.58E-05
1.58E-05
1.58E-05
1.58E-05
1.58E-05
1.58E-05
1.58E-05
1.58E-05
1.58E-05
1.58E-05
1.58E-05
1.58E-05
1.58E-05
1.58E-05
1.58E-05
1.58E-05
1.58E-05
1.57E-05
1.57E-05
1.57E-05
1.57E-05
1.57E-05
1.57E-05
1.57E-05
1.57E-05
1.57E-05
1.57E-05
1.57E-05
1.57E-05
1.57E-05
1.57E-05
1.57E-05
1.57E-05
1.57E-05
1.57E-05
1.57E-05
1.57E-05
1.57E-05
1.57E-05
1.57E-05
1.57E-05
1.56E-05
1.56E-05
1.56E-05
1.56E-05
1.56E-05
1.56E-05
1.56E-05
1.56E-05
1.56E-05
1.56E-05
1.56E-05
1.56E-05
1.56E-05
1.56E-05
1.56E-05
1.56E-05
1.56E-05
1.56E-05
1.56E-05
1.56E-05
1.56E-05
1.56E-05
1.56E-05
1.56E-05
1.56E-05
1.56E-05
1.56E-05
1.56E-05
1.56E-05
1.56E-05
1.55E-05
1.55E-05
1.55E-05
1.55E-05
1.55E-05
1.55E-05
1.55E-05
1.55E-05
1.55E-05
1.55E-05
1.55E-05
1.55E-05
1.55E-05
1.55E-05
1.55E-05
1.55E-05
1.55E-05
1.55E-05
1.55E-05
1.55E-05
1.55E-05
1.55E-05
1.55E-05
1.55E-05
1.55E-05
1.55E-05
1.54E-05
1.54E-05
1.54E-05
1.54E-05
1.54E-05
1.54E-05
1.54E-05
1.54E-05
1.54E-05
1.54E-05
1.54E-05
1.54E-05
1.54E-05
1.54E-05
1.54E-05
1.53E-05
1.53E-05
1.53E-05
1.53E-05
1.53E-05
1.53E-05
1.53E-05
1.53E-05
1.53E-05
1.53E-05
1.53E-05
1.53E-05
1.53E-05
1.53E-05
1.53E-05
1.53E-05
1.53E-05
1.53E-05
1.53E-05
1.53E-05
1.53E-05
1.53E-05
1.53E-05
1.53E-05
1.53E-05
1.53E-05
1.53E-05
1.52E-05
1.52E-05
1.52E-05
1.52E-05
1.52E-05
1.52E-05
1.52E-05
1.52E-05
1.52E-05
1.52E-05
1.51E-05
1.51E-05
1.51E-05
1.51E-05
1.51E-05
1.51E-05
1.51E-05
1.51E-05
1.51E-05
1.51E-05
1.51E-05
1.51E-05
1.51E-05
1.51E-05
1.51E-05
1.51E-05
1.51E-05
1.51E-05
1.51E-05
1.51E-05
1.51E-05
1.51E-05
1.51E-05
1.51E-05
1.50E-05
1.50E-05
1.50E-05
1.50E-05
1.50E-05
1.50E-05
1.50E-05
1.50E-05
1.50E-05
1.50E-05
1.50E-05
1.50E-05
1.50E-05
1.50E-05
1.50E-05
1.50E-05
1.50E-05
1.50E-05
1.50E-05
1.50E-05
1.50E-05
1.50E-05
1.50E-05
1.50E-05
1.50E-05
1.49E-05
1.49E-05
1.49E-05
1.49E-05
1.49E-05
1.49E-05
1.49E-05
1.49E-05
1.49E-05
1.49E-05
1.49E-05
1.49E-05
1.49E-05
1.49E-05
1.49E-05
1.49E-05
1.48E-05
1.48E-05
1.48E-05
1.48E-05
1.48E-05
1.48E-05
1.48E-05
1.48E-05
1.48E-05
1.48E-05
1.48E-05
1.48E-05
1.48E-05
1.48E-05
1.48E-05
1.48E-05
1.48E-05
1.48E-05
1.48E-05
1.48E-05
1.48E-05
1.48E-05
1.48E-05
1.48E-05
1.48E-05
1.48E-05
1.48E-05
1.48E-05
1.47E-05
1.47E-05
1.47E-05
1.47E-05
1.47E-05
1.47E-05
1.46E-05
1.46E-05
1.46E-05
1.46E-05
1.46E-05
1.46E-05
1.46E-05
1.46E-05
1.46E-05
1.46E-05
1.46E-05
1.46E-05
1.46E-05
1.46E-05
1.46E-05
1.46E-05
1.46E-05
1.46E-05
1.46E-05
1.46E-05
1.46E-05
1.46E-05
1.46E-05
1.46E-05
1.46E-05
1.46E-05
1.46E-05
1.46E-05
1.46E-05
1.46E-05
1.46E-05
1.46E-05
1.45E-05
1.45E-05
1.45E-05
1.45E-05
1.45E-05
1.45E-05
1.45E-05
1.45E-05
1.45E-05
1.45E-05
1.45E-05
1.45E-05
1.45E-05
1.45E-05
1.45E-05
1.45E-05
1.45E-05
1.45E-05
1.45E-05
1.45E-05
1.45E-05
1.45E-05
1.45E-05
1.45E-05
1.45E-05
1.44E-05
1.44E-05
1.44E-05
1.44E-05
1.44E-05
1.44E-05
1.44E-05
1.44E-05
1.44E-05
1.44E-05
1.44E-05
1.44E-05
1.44E-05
1.44E-05
1.44E-05
1.44E-05
1.44E-05
1.44E-05
1.44E-05
1.44E-05
1.43E-05
1.43E-05
1.43E-05
1.43E-05
1.43E-05
1.43E-05
1.43E-05
1.43E-05
1.43E-05
1.43E-05
1.43E-05
1.43E-05
1.43E-05
1.43E-05
1.43E-05
1.43E-05
1.43E-05
1.43E-05
1.43E-05
1.43E-05
1.43E-05
1.43E-05
1.43E-05
1.43E-05
1.43E-05
1.43E-05
1.43E-05
1.43E-05
1.43E-05
1.43E-05
1.43E-05
1.43E-05
1.43E-05
1.43E-05
1.43E-05
1.43E-05
1.42E-05
1.42E-05
1.42E-05
1.42E-05
1.42E-05
1.42E-05
1.42E-05
1.42E-05
1.42E-05
1.42E-05
1.42E-05
1.42E-05
1.42E-05
1.42E-05
1.42E-05
1.42E-05
1.42E-05
1.42E-05
1.42E-05
1.42E-05
1.41E-05
1.41E-05
1.41E-05
1.41E-05
1.41E-05
1.41E-05
1.41E-05
1.41E-05
1.41E-05
1.41E-05
1.41E-05
1.41E-05
1.41E-05
1.41E-05
1.41E-05
1.41E-05
1.41E-05
1.41E-05
1.41E-05
1.41E-05
1.41E-05
1.41E-05
1.41E-05
1.41E-05
1.41E-05
1.41E-05
1.41E-05
1.41E-05
1.41E-05
1.41E-05
1.41E-05
1.41E-05
1.40E-05
1.40E-05
1.40E-05
1.40E-05
1.40E-05
1.40E-05
1.40E-05
1.40E-05
1.40E-05
1.40E-05
1.40E-05
1.40E-05
1.40E-05
1.40E-05
1.40E-05
1.40E-05
1.40E-05
1.40E-05
1.40E-05
1.40E-05
1.39E-05
1.39E-05
1.39E-05
1.39E-05
1.39E-05
1.39E-05
1.39E-05
1.39E-05
1.39E-05
1.39E-05
1.39E-05
1.39E-05
1.39E-05
1.39E-05
1.39E-05
1.39E-05
1.39E-05
1.39E-05
1.39E-05
1.39E-05
1.39E-05
1.39E-05
1.39E-05
1.39E-05
1.39E-05
1.38E-05
1.38E-05
1.38E-05
1.38E-05
1.38E-05
1.38E-05
1.38E-05
1.38E-05
1.38E-05
1.38E-05
1.38E-05
1.38E-05
1.38E-05
1.38E-05
1.38E-05
1.38E-05
1.38E-05
1.38E-05
1.38E-05
1.38E-05
1.38E-05
1.38E-05
1.38E-05
1.38E-05
1.38E-05
1.38E-05
1.38E-05
1.38E-05
1.38E-05
1.38E-05
1.38E-05
1.37E-05
1.37E-05
1.37E-05
1.37E-05
1.37E-05
1.37E-05
1.37E-05
1.37E-05
1.37E-05
1.37E-05
1.37E-05
1.37E-05
1.37E-05
1.37E-05
1.37E-05
1.37E-05
1.37E-05
1.37E-05
1.37E-05
1.37E-05
1.36E-05
1.36E-05
1.36E-05
1.36E-05
1.36E-05
1.36E-05
1.36E-05
1.36E-05
1.36E-05
1.36E-05
1.36E-05
1.36E-05
1.36E-05
1.36E-05
1.36E-05
1.36E-05
1.36E-05
1.36E-05
1.36E-05
1.36E-05
1.36E-05
1.36E-05
1.36E-05
1.36E-05
1.36E-05
1.36E-05
1.36E-05
1.36E-05
1.36E-05
1.36E-05
1.36E-05
1.36E-05
1.36E-05
1.36E-05
1.36E-05
1.36E-05
1.35E-05
1.35E-05
1.35E-05
1.35E-05
1.35E-05
1.35E-05
1.35E-05
1.35E-05
1.35E-05
1.35E-05
1.35E-05
1.35E-05
1.35E-05
1.35E-05
1.35E-05
1.35E-05
1.35E-05
1.35E-05
1.35E-05
1.35E-05
1.35E-05
1.35E-05
1.35E-05
1.35E-05
1.35E-05
1.35E-05
1.35E-05
1.35E-05
1.34E-05
1.34E-05
1.34E-05
1.34E-05
1.34E-05
1.34E-05
1.34E-05
1.34E-05
1.34E-05
1.34E-05
1.34E-05
1.34E-05
1.34E-05
1.34E-05
1.34E-05
1.34E-05
1.34E-05
1.34E-05
1.34E-05
1.34E-05
1.34E-05
1.34E-05
1.33E-05
1.33E-05
1.33E-05
1.33E-05
1.33E-05
1.33E-05
1.33E-05
1.33E-05
1.33E-05
1.33E-05
1.33E-05
1.33E-05
1.33E-05
1.33E-05
1.33E-05
1.33E-05
1.33E-05
1.33E-05
1.33E-05
1.33E-05
1.33E-05
1.33E-05
1.33E-05
1.33E-05
1.33E-05
1.33E-05
1.33E-05
1.33E-05
1.33E-05
1.33E-05
1.33E-05
1.33E-05
1.33E-05
1.33E-05
1.33E-05
1.33E-05
1.33E-05
1.33E-05
1.33E-05
1.32E-05
1.32E-05
1.32E-05
1.32E-05
1.32E-05
1.32E-05
1.32E-05
1.32E-05
1.32E-05
1.32E-05
1.32E-05
1.32E-05
1.32E-05
1.32E-05
1.32E-05
1.32E-05
1.32E-05
1.32E-05
1.32E-05
1.32E-05
1.32E-05
1.32E-05
1.32E-05
1.32E-05
1.32E-05
1.32E-05
1.32E-05
1.32E-05
1.31E-05
1.31E-05
1.31E-05
1.31E-05
1.31E-05
1.31E-05
1.31E-05
1.31E-05
1.31E-05
1.31E-05
1.31E-05
1.31E-05
1.31E-05
1.31E-05
1.31E-05
1.31E-05
1.31E-05
1.31E-05
1.31E-05
1.31E-05
1.31E-05
1.31E-05
1.31E-05
1.30E-05
1.30E-05
1.30E-05
1.30E-05
1.30E-05
1.30E-05
1.30E-05
1.30E-05
1.30E-05
1.30E-05
1.30E-05
1.30E-05
1.30E-05
1.30E-05
1.30E-05
1.30E-05
1.30E-05
1.30E-05
1.30E-05
1.30E-05
1.30E-05
1.30E-05
1.30E-05
1.30E-05
1.30E-05
1.30E-05
1.30E-05
1.30E-05
1.30E-05
1.29E-05
1.29E-05
1.29E-05
1.29E-05
1.29E-05
1.29E-05
1.29E-05
1.29E-05
1.29E-05
1.29E-05
1.29E-05
1.29E-05
1.29E-05
1.29E-05
1.29E-05
1.29E-05
1.29E-05
1.29E-05
1.29E-05
1.29E-05
1.29E-05
1.29E-05
1.29E-05
1.28E-05
1.28E-05
1.28E-05
1.28E-05
1.28E-05
1.28E-05
1.28E-05
1.28E-05
1.28E-05
1.28E-05
1.28E-05
1.28E-05
1.28E-05
1.28E-05
1.28E-05
1.28E-05
1.28E-05
1.28E-05
1.28E-05
1.28E-05
1.28E-05
1.28E-05
1.28E-05
1.28E-05
1.28E-05
1.28E-05
1.28E-05
1.27E-05
1.27E-05
1.27E-05
1.27E-05
1.27E-05
1.27E-05
1.27E-05
1.27E-05
1.27E-05
1.27E-05
1.27E-05
1.27E-05
1.27E-05
1.27E-05
1.27E-05
1.27E-05
1.27E-05
1.27E-05
1.27E-05
1.27E-05
1.27E-05
1.27E-05
1.27E-05
1.27E-05
1.27E-05
1.27E-05
1.27E-05
1.27E-05
1.27E-05
1.27E-05
1.27E-05
1.27E-05
1.27E-05
1.27E-05
1.27E-05
1.27E-05
1.27E-05
1.27E-05
1.27E-05
1.27E-05
1.27E-05
1.27E-05
1.27E-05
1.26E-05
1.26E-05
1.26E-05
1.26E-05
1.26E-05
1.26E-05
1.26E-05
1.26E-05
1.26E-05
1.26E-05
1.26E-05
1.26E-05
1.26E-05
1.26E-05
1.26E-05
1.26E-05
1.26E-05
1.26E-05
1.26E-05
1.26E-05
1.25E-05
1.25E-05
1.25E-05
1.25E-05
1.25E-05
1.25E-05
1.25E-05
1.25E-05
1.25E-05
1.25E-05
1.25E-05
1.25E-05
1.25E-05
1.25E-05
1.25E-05
1.25E-05
1.25E-05
1.25E-05
1.25E-05
1.25E-05
1.25E-05
1.25E-05
1.25E-05
1.25E-05
1.25E-05
1.25E-05
1.25E-05
1.25E-05
1.25E-05
1.25E-05
1.25E-05
1.25E-05
1.25E-05
1.25E-05
1.25E-05
1.25E-05
1.25E-05
1.25E-05
1.25E-05
1.25E-05
1.25E-05
1.25E-05
1.24E-05
1.24E-05
1.24E-05
1.24E-05
1.24E-05
1.24E-05
1.24E-05
1.24E-05
1.24E-05
1.24E-05
1.24E-05
1.24E-05
1.24E-05
1.24E-05
1.24E-05
1.24E-05
1.24E-05
1.24E-05
1.24E-05
1.24E-05
1.24E-05
1.24E-05
1.24E-05
1.24E-05
1.24E-05
1.24E-05
1.24E-05
1.24E-05
1.23E-05
1.23E-05
1.23E-05
1.23E-05
1.23E-05
1.23E-05
1.23E-05
1.23E-05
1.23E-05
1.23E-05
1.23E-05
1.23E-05
1.23E-05
1.23E-05
1.23E-05
1.23E-05
1.23E-05
1.23E-05
1.23E-05
1.23E-05
1.23E-05
1.23E-05
1.23E-05
1.23E-05
1.23E-05
1.23E-05
1.23E-05
1.23E-05
1.23E-05
1.23E-05
1.23E-05
1.23E-05
1.23E-05
1.23E-05
1.23E-05
1.23E-05
1.23E-05
1.23E-05
1.23E-05
1.23E-05
1.23E-05
1.23E-05
1.23E-05
1.23E-05
1.23E-05
1.23E-05
1.23E-05
1.23E-05
1.23E-05
1.23E-05
1.23E-05
1.22E-05
1.22E-05
1.22E-05
1.22E-05
1.22E-05
1.22E-05
1.22E-05
1.22E-05
1.22E-05
1.22E-05
1.22E-05
1.22E-05
1.22E-05
1.22E-05
1.22E-05
1.22E-05
1.22E-05
1.22E-05
1.22E-05
1.22E-05
1.22E-05
1.22E-05
1.22E-05
1.22E-05
1.22E-05
1.22E-05
1.22E-05
1.22E-05
1.22E-05
1.22E-05
1.22E-05
1.22E-05
1.22E-05
1.22E-05
1.22E-05
1.22E-05
1.22E-05
1.22E-05
1.22E-05
1.22E-05
1.21E-05
1.21E-05
1.21E-05
1.21E-05
1.21E-05
1.21E-05
1.21E-05
1.21E-05
1.21E-05
1.21E-05
1.21E-05
1.21E-05
1.21E-05
1.21E-05
1.21E-05
1.21E-05
1.21E-05
1.21E-05
1.21E-05
1.21E-05
1.21E-05
1.21E-05
1.21E-05
1.21E-05
1.21E-05
1.21E-05
1.21E-05
1.21E-05
1.21E-05
1.21E-05
1.21E-05
1.21E-05
1.21E-05
1.21E-05
1.21E-05
1.21E-05
1.21E-05
1.21E-05
1.20E-05
1.20E-05
1.20E-05
1.20E-05
1.20E-05
1.20E-05
1.20E-05
1.20E-05
1.20E-05
1.20E-05
1.20E-05
1.20E-05
1.20E-05
1.20E-05
1.20E-05
1.20E-05
1.20E-05
1.20E-05
1.20E-05
1.20E-05
1.20E-05
1.20E-05
1.20E-05
1.20E-05
1.20E-05
1.20E-05
1.20E-05
1.20E-05
1.20E-05
1.20E-05
1.20E-05
1.19E-05
1.19E-05
1.19E-05
1.19E-05
1.19E-05
1.19E-05
1.19E-05
1.19E-05
1.19E-05
1.19E-05
1.19E-05
1.19E-05
1.19E-05
1.19E-05
1.19E-05
1.19E-05
1.19E-05
1.19E-05
1.19E-05
1.19E-05
1.19E-05
1.19E-05
1.19E-05
1.19E-05
1.19E-05
1.19E-05
1.19E-05
1.19E-05
1.19E-05
1.19E-05
1.19E-05
1.19E-05
1.18E-05
1.18E-05
1.18E-05
1.18E-05
1.18E-05
1.18E-05
1.18E-05
1.18E-05
1.18E-05
1.18E-05
1.18E-05
1.18E-05
1.18E-05
1.18E-05
1.18E-05
1.18E-05
1.18E-05
1.18E-05
1.18E-05
1.18E-05
1.18E-05
1.18E-05
1.18E-05
1.18E-05
1.18E-05
1.18E-05
1.18E-05
1.18E-05
1.18E-05
1.18E-05
1.18E-05
1.18E-05
1.17E-05
1.17E-05
1.17E-05
1.17E-05
1.17E-05
1.17E-05
1.17E-05
1.17E-05
1.17E-05
1.17E-05
1.17E-05
1.17E-05
1.17E-05
1.17E-05
1.17E-05
1.17E-05
1.17E-05
1.17E-05
1.17E-05
1.17E-05
1.17E-05
1.17E-05
1.17E-05
1.17E-05
1.17E-05
1.17E-05
1.17E-05
1.17E-05
1.17E-05
1.17E-05
1.17E-05
1.17E-05
1.17E-05
1.17E-05
1.17E-05
1.17E-05
1.17E-05
1.17E-05
1.17E-05
1.17E-05
1.16E-05
1.16E-05
1.16E-05
1.16E-05
1.16E-05
1.16E-05
1.16E-05
1.16E-05
1.16E-05
1.16E-05
1.16E-05
1.16E-05
1.16E-05
1.16E-05
1.16E-05
1.16E-05
1.16E-05
1.16E-05
1.16E-05
1.16E-05
1.16E-05
1.16E-05
1.15E-05
1.15E-05
1.15E-05
1.15E-05
1.15E-05
1.15E-05
1.15E-05
1.15E-05
1.15E-05
1.15E-05
1.15E-05
1.15E-05
1.15E-05
1.15E-05
1.15E-05
1.15E-05
1.15E-05
1.15E-05
1.15E-05
1.15E-05
1.15E-05
1.15E-05
1.15E-05
1.15E-05
1.15E-05
1.15E-05
1.15E-05
1.15E-05
1.15E-05
1.15E-05
1.15E-05
1.15E-05
1.15E-05
1.15E-05
1.15E-05
1.15E-05
1.14E-05
1.14E-05
1.14E-05
1.14E-05
1.14E-05
1.14E-05
1.14E-05
1.14E-05
1.14E-05
1.14E-05
1.14E-05
1.14E-05
1.14E-05
1.14E-05
1.14E-05
1.14E-05
1.14E-05
1.14E-05
1.14E-05
1.14E-05
1.14E-05
1.14E-05
1.14E-05
1.14E-05
1.14E-05
1.14E-05
1.14E-05
1.13E-05
1.13E-05
1.13E-05
1.13E-05
1.13E-05
1.13E-05
1.13E-05
1.13E-05
1.13E-05
1.13E-05
1.13E-05
1.13E-05
1.13E-05
1.13E-05
1.13E-05
1.13E-05
1.13E-05
1.13E-05
1.13E-05
1.13E-05
1.13E-05
1.13E-05
1.13E-05
1.13E-05
1.13E-05
1.13E-05
1.13E-05
1.13E-05
1.13E-05
1.13E-05
1.13E-05
1.13E-05
1.13E-05
1.13E-05
1.13E-05
1.13E-05
1.12E-05
1.12E-05
1.12E-05
1.12E-05
1.12E-05
1.12E-05
1.12E-05
1.12E-05
1.12E-05
1.12E-05
1.12E-05
1.12E-05
1.12E-05
1.12E-05
1.12E-05
1.12E-05
1.12E-05
1.12E-05
1.12E-05
1.12E-05
1.12E-05
1.12E-05
1.12E-05
1.12E-05
1.12E-05
1.12E-05
1.12E-05
1.12E-05
1.12E-05
1.12E-05
1.12E-05
1.12E-05
1.12E-05
1.11E-05
1.11E-05
1.11E-05
1.11E-05
1.11E-05
1.11E-05
1.11E-05
1.11E-05
1.11E-05
1.11E-05
1.11E-05
1.11E-05
1.11E-05
1.11E-05
1.11E-05
1.11E-05
1.11E-05
1.11E-05
1.11E-05
1.11E-05
1.11E-05
1.11E-05
1.11E-05
1.11E-05
1.11E-05
1.10E-05
1.10E-05
1.10E-05
1.10E-05
1.10E-05
1.10E-05
1.10E-05
1.10E-05
1.10E-05
1.10E-05
1.10E-05
1.10E-05
1.10E-05
1.10E-05
1.10E-05
1.10E-05
1.10E-05
1.10E-05
1.10E-05
1.10E-05
1.10E-05
1.10E-05
1.10E-05
1.10E-05
1.10E-05
1.10E-05
1.10E-05
1.10E-05
1.10E-05
1.10E-05
1.10E-05
1.10E-05
1.09E-05
1.09E-05
1.09E-05
1.09E-05
1.09E-05
1.09E-05
1.09E-05
1.09E-05
1.09E-05
1.09E-05
1.09E-05
1.09E-05
1.09E-05
1.09E-05
1.09E-05
1.09E-05
1.09E-05
1.09E-05
1.09E-05
1.09E-05
1.09E-05
1.09E-05
1.09E-05
1.09E-05
1.09E-05
1.09E-05
1.09E-05
1.09E-05
1.09E-05
1.09E-05
1.09E-05
1.09E-05
1.09E-05
1.09E-05
1.09E-05
1.09E-05
1.09E-05
1.09E-05
1.09E-05
1.09E-05
1.09E-05
1.09E-05
1.09E-05
1.09E-05
1.09E-05
1.09E-05
1.09E-05
1.09E-05
1.09E-05
1.09E-05
1.09E-05
1.09E-05
1.08E-05
1.08E-05
1.08E-05
1.08E-05
1.08E-05
1.08E-05
1.08E-05
1.08E-05
1.08E-05
1.08E-05
1.08E-05
1.08E-05
1.08E-05
1.08E-05
1.08E-05
1.08E-05
1.08E-05
1.08E-05
1.08E-05
1.08E-05
1.08E-05
1.08E-05
1.08E-05
1.08E-05
1.08E-05
1.08E-05
1.08E-05
1.08E-05
1.08E-05
1.08E-05
1.08E-05
1.08E-05
1.08E-05
1.08E-05
1.08E-05
1.08E-05
1.08E-05
1.07E-05
1.07E-05
1.07E-05
1.07E-05
1.07E-05
1.07E-05
1.07E-05
1.07E-05
1.07E-05
1.07E-05
1.07E-05
1.07E-05
1.07E-05
1.07E-05
1.07E-05
1.07E-05
1.07E-05
1.07E-05
1.07E-05
1.07E-05
1.07E-05
1.07E-05
1.07E-05
1.07E-05
1.07E-05
1.07E-05
1.07E-05
1.07E-05
1.07E-05
1.07E-05
1.07E-05
1.07E-05
1.07E-05
1.07E-05
1.07E-05
1.07E-05
1.07E-05
1.07E-05
1.07E-05
1.07E-05
1.07E-05
1.07E-05
1.07E-05
1.07E-05
1.07E-05
1.07E-05
1.07E-05
1.06E-05
1.06E-05
1.06E-05
1.06E-05
1.06E-05
1.06E-05
1.06E-05
1.06E-05
1.06E-05
1.06E-05
1.06E-05
1.06E-05
1.06E-05
1.06E-05
1.06E-05
1.06E-05
1.06E-05
1.06E-05
1.06E-05
1.06E-05
1.06E-05
1.06E-05
1.06E-05
1.06E-05
1.06E-05
1.06E-05
1.06E-05
1.06E-05
1.06E-05
1.06E-05
1.06E-05
1.06E-05
1.06E-05
1.06E-05
1.06E-05
1.06E-05
1.06E-05
1.06E-05
1.06E-05
1.06E-05
1.06E-05
1.05E-05
1.05E-05
1.05E-05
1.05E-05
1.05E-05
1.05E-05
1.05E-05
1.05E-05
1.05E-05
1.05E-05
1.05E-05
1.05E-05
1.05E-05
1.05E-05
1.05E-05
1.05E-05
1.05E-05
1.05E-05
1.05E-05
1.05E-05
1.05E-05
1.05E-05
1.05E-05
1.05E-05
1.05E-05
1.05E-05
1.05E-05
1.05E-05
1.05E-05
1.05E-05
1.05E-05
1.05E-05
1.05E-05
1.05E-05
1.05E-05
1.05E-05
1.05E-05
1.05E-05
1.05E-05
1.05E-05
1.05E-05
1.05E-05
1.05E-05
1.05E-05
1.05E-05
1.05E-05
1.05E-05
1.04E-05
1.04E-05
1.04E-05
1.04E-05
1.04E-05
1.04E-05
1.04E-05
1.04E-05
1.04E-05
1.04E-05
1.04E-05
1.04E-05
1.04E-05
1.04E-05
1.04E-05
1.04E-05
1.04E-05
1.04E-05
1.04E-05
1.04E-05
1.04E-05
1.04E-05
1.04E-05
1.04E-05
1.04E-05
1.04E-05
1.04E-05
1.04E-05
1.04E-05
1.04E-05
1.04E-05
1.04E-05
1.04E-05
1.04E-05
1.04E-05
1.04E-05
1.04E-05
1.04E-05
1.04E-05
1.04E-05
1.04E-05
1.04E-05
1.04E-05
1.04E-05
1.04E-05
1.04E-05
1.04E-05
1.04E-05
1.04E-05
1.03E-05
1.03E-05
1.03E-05
1.03E-05
1.03E-05
1.03E-05
1.03E-05
1.03E-05
1.03E-05
1.03E-05
1.03E-05
1.03E-05
1.03E-05
1.03E-05
1.03E-05
1.03E-05
1.03E-05
1.03E-05
1.03E-05
1.03E-05
1.03E-05
1.03E-05
1.03E-05
1.03E-05
1.03E-05
1.03E-05
1.03E-05
1.03E-05
1.03E-05
1.03E-05
1.03E-05
1.03E-05
1.03E-05
1.03E-05
1.03E-05
1.03E-05
1.03E-05
1.03E-05
1.03E-05
1.03E-05
1.03E-05
1.02E-05
1.02E-05
1.02E-05
1.02E-05
1.02E-05
1.02E-05
1.02E-05
1.02E-05
1.02E-05
1.02E-05
1.02E-05
1.02E-05
1.02E-05
1.02E-05
1.02E-05
1.02E-05
1.02E-05
1.02E-05
1.02E-05
1.02E-05
1.02E-05
1.02E-05
1.02E-05
1.02E-05
1.02E-05
1.02E-05
1.02E-05
1.02E-05
1.02E-05
1.02E-05
1.02E-05
1.02E-05
1.02E-05
1.02E-05
1.02E-05
1.02E-05
1.02E-05
1.02E-05
1.02E-05
1.02E-05
1.02E-05
1.02E-05
1.02E-05
1.02E-05
1.02E-05
1.02E-05
1.01E-05
1.01E-05
1.01E-05
1.01E-05
1.01E-05
1.01E-05
1.01E-05
1.01E-05
1.01E-05
1.01E-05
1.01E-05
1.01E-05
1.01E-05
1.01E-05
1.01E-05
1.01E-05
1.01E-05
1.01E-05
1.01E-05
1.01E-05
1.01E-05
1.01E-05
1.01E-05
1.01E-05
1.01E-05
1.01E-05
1.01E-05
1.01E-05
1.01E-05
1.00E-05
1.00E-05
1.00E-05
1.00E-05
1.00E-05
1.00E-05
1.00E-05
1.00E-05
1.00E-05
1.00E-05
1.00E-05
1.00E-05
1.00E-05
1.00E-05
1.00E-05
1.00E-05
1.00E-05
1.00E-05
1.00E-05
1.00E-05
1.00E-05
1.00E-05
1.00E-05
1.00E-05
1.00E-05
1.00E-05
1.00E-05
1.00E-05
1.00E-05
1.00E-05
1.00E-05
1.00E-05
1.00E-05
1.00E-05
9.97E-06
9.97E-06
9.97E-06
9.97E-06
9.97E-06
9.97E-06
9.97E-06
9.97E-06
9.97E-06
9.97E-06
9.97E-06
9.97E-06
9.97E-06
9.97E-06
9.97E-06
9.97E-06
9.97E-06
9.97E-06
9.97E-06
9.97E-06
9.97E-06
9.93E-06
9.93E-06
9.93E-06
9.93E-06
9.93E-06
9.93E-06
9.93E-06
9.93E-06
9.93E-06
9.93E-06
9.93E-06
9.93E-06
9.93E-06
9.93E-06
9.93E-06
9.89E-06
9.89E-06
9.89E-06
9.89E-06
9.89E-06
9.89E-06
9.89E-06
9.89E-06
9.89E-06
9.89E-06
9.89E-06
9.89E-06
9.89E-06
9.89E-06
9.89E-06
9.89E-06
9.89E-06
9.89E-06
9.89E-06
9.89E-06
9.89E-06
9.85E-06
9.85E-06
9.85E-06
9.85E-06
9.85E-06
9.85E-06
9.85E-06
9.85E-06
9.85E-06
9.85E-06
9.85E-06
9.85E-06
9.85E-06
9.85E-06
9.85E-06
9.85E-06
9.85E-06
9.85E-06
9.81E-06
9.81E-06
9.81E-06
9.81E-06
9.81E-06
9.81E-06
9.81E-06
9.81E-06
9.81E-06
9.81E-06
9.81E-06
9.78E-06
9.78E-06
9.78E-06
9.78E-06
9.78E-06
9.78E-06
9.78E-06
9.78E-06
9.78E-06
9.78E-06
9.78E-06
9.78E-06
9.78E-06
9.78E-06
9.78E-06
9.78E-06
9.78E-06
9.78E-06
9.78E-06
9.78E-06
9.78E-06
9.78E-06
9.78E-06
9.78E-06
9.78E-06
9.74E-06
9.74E-06
9.74E-06
9.74E-06
9.74E-06
9.74E-06
9.74E-06
9.74E-06
9.74E-06
9.74E-06
9.74E-06
9.74E-06
9.74E-06
9.74E-06
9.74E-06
9.74E-06
9.74E-06
9.74E-06
9.74E-06
9.70E-06
9.70E-06
9.70E-06
9.70E-06
9.70E-06
9.70E-06
9.70E-06
9.70E-06
9.70E-06
9.70E-06
9.70E-06
9.70E-06
9.70E-06
9.70E-06
9.70E-06
9.70E-06
9.70E-06
9.70E-06
9.66E-06
9.66E-06
9.66E-06
9.66E-06
9.66E-06
9.66E-06
9.66E-06
9.66E-06
9.66E-06
9.66E-06
9.66E-06
9.66E-06
9.66E-06
9.66E-06
9.66E-06
9.66E-06
9.66E-06
9.66E-06
9.66E-06
9.66E-06
9.66E-06
9.66E-06
9.66E-06
9.66E-06
9.62E-06
9.62E-06
9.62E-06
9.62E-06
9.62E-06
9.62E-06
9.62E-06
9.62E-06
9.62E-06
9.62E-06
9.62E-06
9.62E-06
9.62E-06
9.62E-06
9.62E-06
9.62E-06
9.62E-06
9.58E-06
9.58E-06
9.58E-06
9.58E-06
9.58E-06
9.58E-06
9.58E-06
9.58E-06
9.58E-06
9.58E-06
9.58E-06
9.58E-06
9.58E-06
9.58E-06
9.58E-06
9.58E-06
9.58E-06
9.58E-06
9.58E-06
9.55E-06
9.55E-06
9.55E-06
9.55E-06
9.55E-06
9.55E-06
9.55E-06
9.55E-06
9.55E-06
9.55E-06
9.55E-06
9.55E-06
9.55E-06
9.55E-06
9.55E-06
9.55E-06
9.55E-06
9.55E-06
9.55E-06
9.51E-06
9.51E-06
9.51E-06
9.51E-06
9.51E-06
9.51E-06
9.51E-06
9.51E-06
9.51E-06
9.51E-06
9.51E-06
9.51E-06
9.51E-06
9.51E-06
9.51E-06
9.51E-06
9.47E-06
9.47E-06
9.47E-06
9.47E-06
9.47E-06
9.47E-06
9.47E-06
9.47E-06
9.47E-06
9.47E-06
9.47E-06
9.47E-06
9.47E-06
9.47E-06
9.47E-06
9.47E-06
9.47E-06
9.47E-06
9.47E-06
9.43E-06
9.43E-06
9.43E-06
9.43E-06
9.43E-06
9.43E-06
9.43E-06
9.43E-06
9.43E-06
9.43E-06
9.43E-06
9.43E-06
9.43E-06
9.43E-06
9.39E-06
9.39E-06
9.39E-06
9.39E-06
9.39E-06
9.39E-06
9.39E-06
9.39E-06
9.39E-06
9.39E-06
9.39E-06
9.39E-06
9.39E-06
9.39E-06
9.39E-06
9.39E-06
9.39E-06
9.39E-06
9.39E-06
9.39E-06
9.39E-06
9.39E-06
9.39E-06
9.39E-06
9.39E-06
9.39E-06
9.39E-06
9.35E-06
9.35E-06
9.35E-06
9.35E-06
9.35E-06
9.35E-06
9.35E-06
9.35E-06
9.35E-06
9.35E-06
9.35E-06
9.35E-06
9.35E-06
9.35E-06
9.35E-06
9.35E-06
9.35E-06
9.35E-06
9.35E-06
9.35E-06
9.35E-06
9.32E-06
9.32E-06
9.32E-06
9.32E-06
9.32E-06
9.32E-06
9.32E-06
9.32E-06
9.32E-06
9.32E-06
9.32E-06
9.32E-06
9.32E-06
9.32E-06
9.32E-06
9.32E-06
9.28E-06
9.28E-06
9.28E-06
9.28E-06
9.28E-06
9.28E-06
9.28E-06
9.28E-06
9.28E-06
9.28E-06
9.28E-06
9.28E-06
9.28E-06
9.28E-06
9.28E-06
9.28E-06
9.28E-06
9.28E-06
9.28E-06
9.28E-06
9.28E-06
9.28E-06
9.28E-06
9.28E-06
9.28E-06
9.28E-06
9.28E-06
9.24E-06
9.24E-06
9.24E-06
9.24E-06
9.24E-06
9.24E-06
9.24E-06
9.24E-06
9.24E-06
9.24E-06
9.24E-06
9.24E-06
9.24E-06
9.24E-06
9.20E-06
9.20E-06
9.20E-06
9.20E-06
9.20E-06
9.20E-06
9.20E-06
9.20E-06
9.20E-06
9.20E-06
9.20E-06
9.20E-06
9.20E-06
9.20E-06
9.20E-06
9.20E-06
9.20E-06
9.20E-06
9.20E-06
9.20E-06
9.20E-06
9.20E-06
9.20E-06
9.20E-06
9.16E-06
9.16E-06
9.16E-06
9.16E-06
9.16E-06
9.16E-06
9.16E-06
9.16E-06
9.16E-06
9.16E-06
9.16E-06
9.16E-06
9.16E-06
9.16E-06
9.16E-06
9.16E-06
9.16E-06
9.16E-06
9.16E-06
9.16E-06
9.16E-06
9.12E-06
9.12E-06
9.12E-06
9.12E-06
9.12E-06
9.12E-06
9.12E-06
9.12E-06
9.12E-06
9.12E-06
9.12E-06
9.12E-06
9.12E-06
9.12E-06
9.12E-06
9.12E-06
9.12E-06
9.12E-06
9.12E-06
9.12E-06
9.12E-06
9.12E-06
9.09E-06
9.09E-06
9.09E-06
9.09E-06
9.09E-06
9.09E-06
9.09E-06
9.09E-06
9.09E-06
9.09E-06
9.09E-06
9.09E-06
9.09E-06
9.09E-06
9.09E-06
9.09E-06
9.09E-06
9.09E-06
9.09E-06
9.09E-06
9.05E-06
9.05E-06
9.05E-06
9.05E-06
9.05E-06
9.05E-06
9.05E-06
9.05E-06
9.05E-06
9.05E-06
9.05E-06
9.05E-06
9.05E-06
9.01E-06
9.01E-06
9.01E-06
9.01E-06
9.01E-06
9.01E-06
9.01E-06
9.01E-06
9.01E-06
9.01E-06
9.01E-06
9.01E-06
9.01E-06
9.01E-06
9.01E-06
9.01E-06
8.97E-06
8.97E-06
8.97E-06
8.97E-06
8.97E-06
8.97E-06
8.97E-06
8.97E-06
8.97E-06
8.97E-06
8.97E-06
8.97E-06
8.97E-06
8.97E-06
8.97E-06
8.97E-06
8.93E-06
8.93E-06
8.93E-06
8.93E-06
8.93E-06
8.93E-06
8.93E-06
8.93E-06
8.93E-06
8.93E-06
8.93E-06
8.93E-06
8.93E-06
8.93E-06
8.93E-06
8.93E-06
8.93E-06
8.93E-06
8.93E-06
8.93E-06
8.93E-06
8.93E-06
8.93E-06
8.93E-06
8.93E-06
8.93E-06
8.93E-06
8.93E-06
8.93E-06
8.93E-06
8.93E-06
8.93E-06
8.89E-06
8.89E-06
8.89E-06
8.89E-06
8.89E-06
8.89E-06
8.89E-06
8.89E-06
8.89E-06
8.89E-06
8.89E-06
8.89E-06
8.89E-06
8.89E-06
8.89E-06
8.89E-06
8.89E-06
8.86E-06
8.86E-06
8.86E-06
8.86E-06
8.86E-06
8.86E-06
8.86E-06
8.86E-06
8.86E-06
8.86E-06
8.86E-06
8.86E-06
8.86E-06
8.86E-06
8.86E-06
8.86E-06
8.86E-06
8.86E-06
8.86E-06
8.86E-06
8.86E-06
8.86E-06
8.86E-06
8.82E-06
8.82E-06
8.82E-06
8.82E-06
8.82E-06
8.82E-06
8.82E-06
8.82E-06
8.82E-06
8.82E-06
8.82E-06
8.82E-06
8.82E-06
8.82E-06
8.82E-06
8.82E-06
8.78E-06
8.78E-06
8.78E-06
8.78E-06
8.78E-06
8.78E-06
8.78E-06
8.78E-06
8.78E-06
8.78E-06
8.78E-06
8.78E-06
8.78E-06
8.78E-06
8.78E-06
8.78E-06
8.78E-06
8.78E-06
8.78E-06
8.74E-06
8.74E-06
8.74E-06
8.74E-06
8.74E-06
8.74E-06
8.74E-06
8.74E-06
8.74E-06
8.74E-06
8.74E-06
8.74E-06
8.74E-06
8.74E-06
8.70E-06
8.70E-06
8.70E-06
8.70E-06
8.70E-06
8.70E-06
8.70E-06
8.70E-06
8.70E-06
8.70E-06
8.70E-06
8.70E-06
8.70E-06
8.70E-06
8.70E-06
8.70E-06
8.70E-06
8.70E-06
8.70E-06
8.70E-06
8.70E-06
8.70E-06
8.70E-06
8.70E-06
8.70E-06
8.70E-06
8.66E-06
8.66E-06
8.66E-06
8.66E-06
8.66E-06
8.66E-06
8.66E-06
8.66E-06
8.66E-06
8.66E-06
8.66E-06
8.66E-06
8.66E-06
8.66E-06
8.66E-06
8.66E-06
8.66E-06
8.66E-06
8.66E-06
8.66E-06
8.66E-06
8.66E-06
8.66E-06
8.66E-06
8.63E-06
8.63E-06
8.63E-06
8.63E-06
8.63E-06
8.63E-06
8.63E-06
8.63E-06
8.63E-06
8.63E-06
8.63E-06
8.63E-06
8.63E-06
8.63E-06
8.63E-06
8.63E-06
8.63E-06
8.63E-06
8.63E-06
8.63E-06
8.63E-06
8.59E-06
8.59E-06
8.59E-06
8.59E-06
8.59E-06
8.59E-06
8.59E-06
8.59E-06
8.59E-06
8.59E-06
8.59E-06
8.59E-06
8.59E-06
8.59E-06
8.59E-06
8.59E-06
8.59E-06
8.59E-06
8.59E-06
8.59E-06
8.59E-06
8.59E-06
8.59E-06
8.59E-06
8.55E-06
8.55E-06
8.55E-06
8.55E-06
8.55E-06
8.55E-06
8.55E-06
8.55E-06
8.55E-06
8.55E-06
8.55E-06
8.55E-06
8.55E-06
8.55E-06
8.55E-06
8.55E-06
8.55E-06
8.55E-06
8.55E-06
8.55E-06
8.55E-06
8.55E-06
8.55E-06
8.55E-06
8.55E-06
8.51E-06
8.51E-06
8.51E-06
8.51E-06
8.51E-06
8.51E-06
8.51E-06
8.51E-06
8.51E-06
8.51E-06
8.51E-06
8.51E-06
8.51E-06
8.51E-06
8.51E-06
8.51E-06
8.51E-06
8.51E-06
8.51E-06
8.51E-06
8.47E-06
8.47E-06
8.47E-06
8.47E-06
8.47E-06
8.47E-06
8.47E-06
8.47E-06
8.47E-06
8.47E-06
8.47E-06
8.47E-06
8.47E-06
8.47E-06
8.47E-06
8.47E-06
8.47E-06
8.43E-06
8.43E-06
8.43E-06
8.43E-06
8.43E-06
8.43E-06
8.43E-06
8.43E-06
8.43E-06
8.43E-06
8.43E-06
8.43E-06
8.43E-06
8.43E-06
8.43E-06
8.43E-06
8.43E-06
8.43E-06
8.43E-06
8.43E-06
8.43E-06
8.43E-06
8.40E-06
8.40E-06
8.40E-06
8.40E-06
8.40E-06
8.40E-06
8.40E-06
8.40E-06
8.40E-06
8.40E-06
8.40E-06
8.40E-06
8.40E-06
8.36E-06
8.36E-06
8.36E-06
8.36E-06
8.36E-06
8.36E-06
8.36E-06
8.36E-06
8.36E-06
8.36E-06
8.36E-06
8.36E-06
8.36E-06
8.36E-06
8.36E-06
8.36E-06
8.36E-06
8.36E-06
8.36E-06
8.36E-06
8.36E-06
8.36E-06
8.36E-06
8.36E-06
8.36E-06
8.36E-06
8.32E-06
8.32E-06
8.32E-06
8.32E-06
8.32E-06
8.32E-06
8.32E-06
8.32E-06
8.32E-06
8.32E-06
8.32E-06
8.32E-06
8.32E-06
8.32E-06
8.32E-06
8.32E-06
8.32E-06
8.32E-06
8.32E-06
8.32E-06
8.32E-06
8.32E-06
8.32E-06
8.28E-06
8.28E-06
8.28E-06
8.28E-06
8.28E-06
8.28E-06
8.28E-06
8.28E-06
8.28E-06
8.28E-06
8.28E-06
8.28E-06
8.28E-06
8.28E-06
8.28E-06
8.28E-06
8.28E-06
8.28E-06
8.28E-06
8.28E-06
8.28E-06
8.28E-06
8.28E-06
8.28E-06
8.28E-06
8.24E-06
8.24E-06
8.24E-06
8.24E-06
8.24E-06
8.24E-06
8.24E-06
8.24E-06
8.24E-06
8.24E-06
8.24E-06
8.24E-06
8.24E-06
8.24E-06
8.24E-06
8.24E-06
8.24E-06
8.24E-06
8.24E-06
8.24E-06
8.24E-06
8.24E-06
8.24E-06
8.24E-06
8.24E-06
8.24E-06
8.24E-06
8.24E-06
8.24E-06
8.24E-06
8.24E-06
8.24E-06
8.20E-06
8.20E-06
8.20E-06
8.20E-06
8.20E-06
8.20E-06
8.20E-06
8.20E-06
8.20E-06
8.20E-06
8.20E-06
8.20E-06
8.20E-06
8.20E-06
8.20E-06
8.20E-06
8.20E-06
8.20E-06
8.20E-06
8.20E-06
8.20E-06
8.20E-06
8.20E-06
8.20E-06
8.20E-06
8.20E-06
8.20E-06
8.20E-06
8.20E-06
8.17E-06
8.17E-06
8.17E-06
8.17E-06
8.17E-06
8.17E-06
8.17E-06
8.17E-06
8.17E-06
8.17E-06
8.17E-06
8.17E-06
8.17E-06
8.17E-06
8.17E-06
8.17E-06
8.17E-06
8.17E-06
8.17E-06
8.17E-06
8.17E-06
8.17E-06
8.13E-06
8.13E-06
8.13E-06
8.13E-06
8.13E-06
8.13E-06
8.13E-06
8.13E-06
8.13E-06
8.13E-06
8.13E-06
8.13E-06
8.13E-06
8.13E-06
8.13E-06
8.13E-06
8.13E-06
8.13E-06
8.13E-06
8.13E-06
8.13E-06
8.13E-06
8.13E-06
8.13E-06
8.09E-06
8.09E-06
8.09E-06
8.09E-06
8.09E-06
8.09E-06
8.09E-06
8.09E-06
8.09E-06
8.09E-06
8.09E-06
8.09E-06
8.09E-06
8.09E-06
8.09E-06
8.09E-06
8.09E-06
8.09E-06
8.09E-06
8.09E-06
8.09E-06
8.09E-06
8.09E-06
8.09E-06
8.05E-06
8.05E-06
8.05E-06
8.05E-06
8.05E-06
8.05E-06
8.05E-06
8.05E-06
8.05E-06
8.05E-06
8.05E-06
8.05E-06
8.05E-06
8.05E-06
8.05E-06
8.05E-06
8.05E-06
8.05E-06
8.05E-06
8.05E-06
8.05E-06
8.05E-06
8.01E-06
8.01E-06
8.01E-06
8.01E-06
8.01E-06
8.01E-06
8.01E-06
8.01E-06
8.01E-06
8.01E-06
8.01E-06
8.01E-06
8.01E-06
8.01E-06
8.01E-06
7.97E-06
7.97E-06
7.97E-06
7.97E-06
7.97E-06
7.97E-06
7.97E-06
7.97E-06
7.97E-06
7.97E-06
7.97E-06
7.97E-06
7.97E-06
7.97E-06
7.97E-06
7.97E-06
7.97E-06
7.97E-06
7.97E-06
7.97E-06
7.97E-06
7.97E-06
7.94E-06
7.94E-06
7.94E-06
7.94E-06
7.94E-06
7.94E-06
7.94E-06
7.94E-06
7.94E-06
7.94E-06
7.94E-06
7.94E-06
7.94E-06
7.94E-06
7.94E-06
7.94E-06
7.94E-06
7.94E-06
7.94E-06
7.94E-06
7.94E-06
7.94E-06
7.90E-06
7.90E-06
7.90E-06
7.90E-06
7.90E-06
7.90E-06
7.90E-06
7.90E-06
7.90E-06
7.90E-06
7.90E-06
7.90E-06
7.90E-06
7.90E-06
7.90E-06
7.90E-06
7.90E-06
7.90E-06
7.90E-06
7.90E-06
7.90E-06
7.90E-06
7.86E-06
7.86E-06
7.86E-06
7.86E-06
7.86E-06
7.86E-06
7.86E-06
7.86E-06
7.86E-06
7.86E-06
7.86E-06
7.86E-06
7.86E-06
7.86E-06
7.86E-06
7.86E-06
7.86E-06
7.86E-06
7.86E-06
7.86E-06
7.86E-06
7.86E-06
7.86E-06
7.86E-06
7.86E-06
7.86E-06
7.86E-06
7.86E-06
7.86E-06
7.82E-06
7.82E-06
7.82E-06
7.82E-06
7.82E-06
7.82E-06
7.82E-06
7.82E-06
7.82E-06
7.82E-06
7.82E-06
7.82E-06
7.82E-06
7.82E-06
7.82E-06
7.82E-06
7.82E-06
7.82E-06
7.82E-06
7.82E-06
7.82E-06
7.82E-06
7.78E-06
7.78E-06
7.78E-06
7.78E-06
7.78E-06
7.78E-06
7.78E-06
7.78E-06
7.78E-06
7.78E-06
7.78E-06
7.78E-06
7.78E-06
7.78E-06
7.78E-06
7.78E-06
7.78E-06
7.78E-06
7.78E-06
7.78E-06
7.78E-06
7.78E-06
7.78E-06
7.78E-06
7.78E-06
7.78E-06
7.78E-06
7.78E-06
7.74E-06
7.74E-06
7.74E-06
7.74E-06
7.74E-06
7.74E-06
7.74E-06
7.74E-06
7.74E-06
7.74E-06
7.74E-06
7.74E-06
7.74E-06
7.74E-06
7.74E-06
7.74E-06
7.74E-06
7.74E-06
7.74E-06
7.74E-06
7.74E-06
7.74E-06
7.74E-06
7.74E-06
7.74E-06
7.74E-06
7.74E-06
7.74E-06
7.74E-06
7.74E-06
7.74E-06
7.74E-06
7.74E-06
7.74E-06
7.74E-06
7.74E-06
7.71E-06
7.71E-06
7.71E-06
7.71E-06
7.71E-06
7.71E-06
7.71E-06
7.71E-06
7.71E-06
7.71E-06
7.71E-06
7.71E-06
7.71E-06
7.71E-06
7.71E-06
7.71E-06
7.71E-06
7.71E-06
7.71E-06
7.71E-06
7.71E-06
7.71E-06
7.71E-06
7.71E-06
7.71E-06
7.71E-06
7.67E-06
7.67E-06
7.67E-06
7.67E-06
7.67E-06
7.67E-06
7.67E-06
7.67E-06
7.67E-06
7.67E-06
7.67E-06
7.67E-06
7.67E-06
7.67E-06
7.67E-06
7.67E-06
7.67E-06
7.67E-06
7.67E-06
7.67E-06
7.67E-06
7.67E-06
7.67E-06
7.67E-06
7.67E-06
7.67E-06
7.67E-06
7.63E-06
7.63E-06
7.63E-06
7.63E-06
7.63E-06
7.63E-06
7.63E-06
7.63E-06
7.63E-06
7.63E-06
7.63E-06
7.63E-06
7.63E-06
7.63E-06
7.63E-06
7.63E-06
7.63E-06
7.63E-06
7.63E-06
7.63E-06
7.59E-06
7.59E-06
7.59E-06
7.59E-06
7.59E-06
7.59E-06
7.59E-06
7.59E-06
7.59E-06
7.59E-06
7.59E-06
7.59E-06
7.59E-06
7.59E-06
7.59E-06
7.59E-06
7.59E-06
7.59E-06
7.59E-06
7.59E-06
7.59E-06
7.59E-06
7.59E-06
7.59E-06
7.59E-06
7.59E-06
7.59E-06
7.55E-06
7.55E-06
7.55E-06
7.55E-06
7.55E-06
7.55E-06
7.55E-06
7.55E-06
7.55E-06
7.55E-06
7.55E-06
7.55E-06
7.55E-06
7.55E-06
7.55E-06
7.55E-06
7.55E-06
7.55E-06
7.55E-06
7.55E-06
7.55E-06
7.55E-06
7.55E-06
7.55E-06
7.55E-06
7.55E-06
7.55E-06
7.55E-06
7.55E-06
7.55E-06
7.55E-06
7.55E-06
7.55E-06
7.51E-06
7.51E-06
7.51E-06
7.51E-06
7.51E-06
7.51E-06
7.51E-06
7.51E-06
7.51E-06
7.51E-06
7.51E-06
7.51E-06
7.51E-06
7.51E-06
7.51E-06
7.51E-06
7.51E-06
7.51E-06
7.51E-06
7.51E-06
7.51E-06
7.51E-06
7.51E-06
7.51E-06
7.51E-06
7.51E-06
7.51E-06
7.48E-06
7.48E-06
7.48E-06
7.48E-06
7.48E-06
7.48E-06
7.48E-06
7.48E-06
7.48E-06
7.48E-06
7.48E-06
7.48E-06
7.48E-06
7.48E-06
7.48E-06
7.48E-06
7.48E-06
7.48E-06
7.48E-06
7.48E-06
7.48E-06
7.48E-06
7.48E-06
7.48E-06
7.48E-06
7.48E-06
7.48E-06
7.48E-06
7.48E-06
7.48E-06
7.48E-06
7.44E-06
7.44E-06
7.44E-06
7.44E-06
7.44E-06
7.44E-06
7.44E-06
7.44E-06
7.44E-06
7.44E-06
7.44E-06
7.44E-06
7.44E-06
7.44E-06
7.44E-06
7.44E-06
7.44E-06
7.44E-06
7.44E-06
7.44E-06
7.44E-06
7.44E-06
7.44E-06
7.40E-06
7.40E-06
7.40E-06
7.40E-06
7.40E-06
7.40E-06
7.40E-06
7.40E-06
7.40E-06
7.40E-06
7.40E-06
7.40E-06
7.40E-06
7.40E-06
7.40E-06
7.40E-06
7.40E-06
7.40E-06
7.40E-06
7.40E-06
7.40E-06
7.40E-06
7.40E-06
7.40E-06
7.40E-06
7.40E-06
7.40E-06
7.40E-06
7.40E-06
7.40E-06
7.40E-06
7.40E-06
7.40E-06
7.36E-06
7.36E-06
7.36E-06
7.36E-06
7.36E-06
7.36E-06
7.36E-06
7.36E-06
7.36E-06
7.36E-06
7.36E-06
7.36E-06
7.36E-06
7.36E-06
7.36E-06
7.36E-06
7.36E-06
7.36E-06
7.36E-06
7.36E-06
7.36E-06
7.36E-06
7.36E-06
7.36E-06
7.36E-06
7.36E-06
7.36E-06
7.32E-06
7.32E-06
7.32E-06
7.32E-06
7.32E-06
7.32E-06
7.32E-06
7.32E-06
7.32E-06
7.32E-06
7.32E-06
7.32E-06
7.32E-06
7.32E-06
7.32E-06
7.32E-06
7.32E-06
7.32E-06
7.32E-06
7.32E-06
7.32E-06
7.32E-06
7.32E-06
7.32E-06
7.32E-06
7.32E-06
7.32E-06
7.32E-06
7.32E-06
7.32E-06
7.32E-06
7.32E-06
7.28E-06
7.28E-06
7.28E-06
7.28E-06
7.28E-06
7.28E-06
7.28E-06
7.28E-06
7.28E-06
7.28E-06
7.28E-06
7.28E-06
7.28E-06
7.28E-06
7.28E-06
7.28E-06
7.28E-06
7.28E-06
7.28E-06
7.28E-06
7.28E-06
7.28E-06
7.28E-06
7.28E-06
7.28E-06
7.28E-06
7.25E-06
7.25E-06
7.25E-06
7.25E-06
7.25E-06
7.25E-06
7.25E-06
7.25E-06
7.25E-06
7.25E-06
7.25E-06
7.25E-06
7.25E-06
7.25E-06
7.25E-06
7.25E-06
7.25E-06
7.25E-06
7.25E-06
7.25E-06
7.25E-06
7.25E-06
7.25E-06
7.25E-06
7.25E-06
7.25E-06
7.25E-06
7.25E-06
7.21E-06
7.21E-06
7.21E-06
7.21E-06
7.21E-06
7.21E-06
7.21E-06
7.21E-06
7.21E-06
7.21E-06
7.21E-06
7.21E-06
7.21E-06
7.21E-06
7.21E-06
7.21E-06
7.21E-06
7.21E-06
7.21E-06
7.21E-06
7.21E-06
7.21E-06
7.21E-06
7.21E-06
7.21E-06
7.21E-06
7.21E-06
7.21E-06
7.21E-06
7.21E-06
7.21E-06
7.21E-06
7.21E-06
7.21E-06
7.21E-06
7.21E-06
7.21E-06
7.17E-06
7.17E-06
7.17E-06
7.17E-06
7.17E-06
7.17E-06
7.17E-06
7.17E-06
7.17E-06
7.17E-06
7.17E-06
7.17E-06
7.17E-06
7.17E-06
7.17E-06
7.17E-06
7.17E-06
7.17E-06
7.17E-06
7.17E-06
7.17E-06
7.17E-06
7.17E-06
7.17E-06
7.17E-06
7.17E-06
7.13E-06
7.13E-06
7.13E-06
7.13E-06
7.13E-06
7.13E-06
7.13E-06
7.13E-06
7.13E-06
7.13E-06
7.13E-06
7.13E-06
7.13E-06
7.13E-06
7.13E-06
7.13E-06
7.13E-06
7.13E-06
7.13E-06
7.13E-06
7.13E-06
7.13E-06
7.09E-06
7.09E-06
7.09E-06
7.09E-06
7.09E-06
7.09E-06
7.09E-06
7.09E-06
7.09E-06
7.09E-06
7.09E-06
7.09E-06
7.09E-06
7.09E-06
7.09E-06
7.09E-06
7.09E-06
7.09E-06
7.09E-06
7.09E-06
7.09E-06
7.09E-06
7.09E-06
7.05E-06
7.05E-06
7.05E-06
7.05E-06
7.05E-06
7.05E-06
7.05E-06
7.05E-06
7.05E-06
7.05E-06
7.05E-06
7.05E-06
7.05E-06
7.05E-06
7.05E-06
7.05E-06
7.05E-06
7.05E-06
7.05E-06
7.05E-06
7.05E-06
7.02E-06
7.02E-06
7.02E-06
7.02E-06
7.02E-06
7.02E-06
7.02E-06
7.02E-06
7.02E-06
7.02E-06
7.02E-06
7.02E-06
7.02E-06
7.02E-06
7.02E-06
7.02E-06
7.02E-06
7.02E-06
7.02E-06
7.02E-06
7.02E-06
7.02E-06
7.02E-06
7.02E-06
7.02E-06
7.02E-06
7.02E-06
7.02E-06
7.02E-06
7.02E-06
7.02E-06
7.02E-06
7.02E-06
7.02E-06
7.02E-06
7.02E-06
6.98E-06
6.98E-06
6.98E-06
6.98E-06
6.98E-06
6.98E-06
6.98E-06
6.98E-06
6.98E-06
6.98E-06
6.98E-06
6.98E-06
6.98E-06
6.98E-06
6.98E-06
6.98E-06
6.98E-06
6.98E-06
6.98E-06
6.98E-06
6.98E-06
6.98E-06
6.98E-06
6.98E-06
6.94E-06
6.94E-06
6.94E-06
6.94E-06
6.94E-06
6.94E-06
6.94E-06
6.94E-06
6.94E-06
6.94E-06
6.94E-06
6.94E-06
6.94E-06
6.94E-06
6.94E-06
6.94E-06
6.94E-06
6.94E-06
6.94E-06
6.94E-06
6.94E-06
6.94E-06
6.94E-06
6.94E-06
6.94E-06
6.94E-06
6.94E-06
6.90E-06
6.90E-06
6.90E-06
6.90E-06
6.90E-06
6.90E-06
6.90E-06
6.90E-06
6.90E-06
6.90E-06
6.90E-06
6.90E-06
6.90E-06
6.90E-06
6.90E-06
6.90E-06
6.90E-06
6.90E-06
6.90E-06
6.90E-06
6.90E-06
6.90E-06
6.90E-06
6.90E-06
6.90E-06
6.90E-06
6.90E-06
6.90E-06
6.90E-06
6.90E-06
6.86E-06
6.86E-06
6.86E-06
6.86E-06
6.86E-06
6.86E-06
6.86E-06
6.86E-06
6.86E-06
6.86E-06
6.86E-06
6.86E-06
6.86E-06
6.86E-06
6.86E-06
6.86E-06
6.86E-06
6.86E-06
6.86E-06
6.86E-06
6.86E-06
6.86E-06
6.86E-06
6.86E-06
6.86E-06
6.86E-06
6.86E-06
6.86E-06
6.86E-06
6.86E-06
6.86E-06
6.86E-06
6.82E-06
6.82E-06
6.82E-06
6.82E-06
6.82E-06
6.82E-06
6.82E-06
6.82E-06
6.82E-06
6.82E-06
6.82E-06
6.82E-06
6.82E-06
6.82E-06
6.82E-06
6.82E-06
6.82E-06
6.82E-06
6.82E-06
6.82E-06
6.82E-06
6.82E-06
6.82E-06
6.82E-06
6.82E-06
6.82E-06
6.82E-06
6.82E-06
6.82E-06
6.79E-06
6.79E-06
6.79E-06
6.79E-06
6.79E-06
6.79E-06
6.79E-06
6.79E-06
6.79E-06
6.79E-06
6.79E-06
6.79E-06
6.79E-06
6.79E-06
6.79E-06
6.79E-06
6.79E-06
6.79E-06
6.79E-06
6.75E-06
6.75E-06
6.75E-06
6.75E-06
6.75E-06
6.75E-06
6.75E-06
6.75E-06
6.75E-06
6.75E-06
6.75E-06
6.75E-06
6.75E-06
6.75E-06
6.75E-06
6.75E-06
6.75E-06
6.75E-06
6.75E-06
6.75E-06
6.75E-06
6.75E-06
6.75E-06
6.75E-06
6.75E-06
6.75E-06
6.75E-06
6.75E-06
6.75E-06
6.75E-06
6.75E-06
6.75E-06
6.75E-06
6.71E-06
6.71E-06
6.71E-06
6.71E-06
6.71E-06
6.71E-06
6.71E-06
6.71E-06
6.71E-06
6.71E-06
6.71E-06
6.71E-06
6.71E-06
6.71E-06
6.71E-06
6.71E-06
6.71E-06
6.71E-06
6.71E-06
6.71E-06
6.71E-06
6.71E-06
6.71E-06
6.71E-06
6.71E-06
6.71E-06
6.71E-06
6.71E-06
6.71E-06
6.71E-06
6.71E-06
6.71E-06
6.71E-06
6.71E-06
6.67E-06
6.67E-06
6.67E-06
6.67E-06
6.67E-06
6.67E-06
6.67E-06
6.67E-06
6.67E-06
6.67E-06
6.67E-06
6.67E-06
6.67E-06
6.67E-06
6.67E-06
6.67E-06
6.67E-06
6.67E-06
6.67E-06
6.67E-06
6.67E-06
6.67E-06
6.67E-06
6.67E-06
6.67E-06
6.67E-06
6.67E-06
6.67E-06
6.67E-06
6.67E-06
6.67E-06
6.67E-06
6.67E-06
6.67E-06
6.67E-06
6.67E-06
6.67E-06
6.67E-06
6.67E-06
6.67E-06
6.67E-06
6.67E-06
6.67E-06
6.67E-06
6.67E-06
6.67E-06
6.63E-06
6.63E-06
6.63E-06
6.63E-06
6.63E-06
6.63E-06
6.63E-06
6.63E-06
6.63E-06
6.63E-06
6.63E-06
6.63E-06
6.63E-06
6.63E-06
6.63E-06
6.63E-06
6.63E-06
6.63E-06
6.63E-06
6.63E-06
6.63E-06
6.63E-06
6.63E-06
6.63E-06
6.63E-06
6.63E-06
6.63E-06
6.63E-06
6.63E-06
6.63E-06
6.63E-06
6.63E-06
6.63E-06
6.59E-06
6.59E-06
6.59E-06
6.59E-06
6.59E-06
6.59E-06
6.59E-06
6.59E-06
6.59E-06
6.59E-06
6.59E-06
6.59E-06
6.59E-06
6.59E-06
6.59E-06
6.59E-06
6.59E-06
6.59E-06
6.59E-06
6.59E-06
6.59E-06
6.59E-06
6.59E-06
6.59E-06
6.59E-06
6.59E-06
6.59E-06
6.59E-06
6.59E-06
6.56E-06
6.56E-06
6.56E-06
6.56E-06
6.56E-06
6.56E-06
6.56E-06
6.56E-06
6.56E-06
6.56E-06
6.56E-06
6.56E-06
6.56E-06
6.56E-06
6.56E-06
6.56E-06
6.56E-06
6.56E-06
6.56E-06
6.56E-06
6.56E-06
6.56E-06
6.56E-06
6.56E-06
6.56E-06
6.56E-06
6.56E-06
6.56E-06
6.56E-06
6.56E-06
6.52E-06
6.52E-06
6.52E-06
6.52E-06
6.52E-06
6.52E-06
6.52E-06
6.52E-06
6.52E-06
6.52E-06
6.52E-06
6.52E-06
6.52E-06
6.52E-06
6.52E-06
6.52E-06
6.52E-06
6.52E-06
6.52E-06
6.52E-06
6.52E-06
6.52E-06
6.52E-06
6.52E-06
6.52E-06
6.52E-06
6.52E-06
6.52E-06
6.52E-06
6.52E-06
6.52E-06
6.52E-06
6.48E-06
6.48E-06
6.48E-06
6.48E-06
6.48E-06
6.48E-06
6.48E-06
6.48E-06
6.48E-06
6.48E-06
6.48E-06
6.48E-06
6.48E-06
6.48E-06
6.48E-06
6.48E-06
6.48E-06
6.48E-06
6.48E-06
6.48E-06
6.48E-06
6.48E-06
6.48E-06
6.48E-06
6.48E-06
6.48E-06
6.48E-06
6.48E-06
6.48E-06
6.48E-06
6.48E-06
6.48E-06
6.48E-06
6.48E-06
6.48E-06
6.48E-06
6.48E-06
6.48E-06
6.44E-06
6.44E-06
6.44E-06
6.44E-06
6.44E-06
6.44E-06
6.44E-06
6.44E-06
6.44E-06
6.44E-06
6.44E-06
6.44E-06
6.44E-06
6.44E-06
6.44E-06
6.44E-06
6.44E-06
6.44E-06
6.44E-06
6.44E-06
6.44E-06
6.44E-06
6.44E-06
6.44E-06
6.44E-06
6.44E-06
6.44E-06
6.44E-06
6.44E-06
6.44E-06
6.44E-06
6.40E-06
6.40E-06
6.40E-06
6.40E-06
6.40E-06
6.40E-06
6.40E-06
6.40E-06
6.40E-06
6.40E-06
6.40E-06
6.40E-06
6.40E-06
6.40E-06
6.40E-06
6.40E-06
6.40E-06
6.40E-06
6.40E-06
6.40E-06
6.40E-06
6.40E-06
6.40E-06
6.40E-06
6.40E-06
6.40E-06
6.40E-06
6.40E-06
6.40E-06
6.40E-06
6.40E-06
6.40E-06
6.40E-06
6.40E-06
6.40E-06
6.40E-06
6.40E-06
6.36E-06
6.36E-06
6.36E-06
6.36E-06
6.36E-06
6.36E-06
6.36E-06
6.36E-06
6.36E-06
6.36E-06
6.36E-06
6.36E-06
6.36E-06
6.36E-06
6.36E-06
6.36E-06
6.36E-06
6.36E-06
6.36E-06
6.36E-06
6.36E-06
6.36E-06
6.36E-06
6.36E-06
6.36E-06
6.36E-06
6.36E-06
6.36E-06
6.36E-06
6.36E-06
6.36E-06
6.36E-06
6.36E-06
6.36E-06
6.36E-06
6.36E-06
6.36E-06
6.36E-06
6.36E-06
6.36E-06
6.36E-06
6.36E-06
6.36E-06
6.33E-06
6.33E-06
6.33E-06
6.33E-06
6.33E-06
6.33E-06
6.33E-06
6.33E-06
6.33E-06
6.33E-06
6.33E-06
6.33E-06
6.33E-06
6.33E-06
6.33E-06
6.33E-06
6.33E-06
6.33E-06
6.33E-06
6.33E-06
6.33E-06
6.33E-06
6.29E-06
6.29E-06
6.29E-06
6.29E-06
6.29E-06
6.29E-06
6.29E-06
6.29E-06
6.29E-06
6.29E-06
6.29E-06
6.29E-06
6.29E-06
6.29E-06
6.29E-06
6.29E-06
6.29E-06
6.29E-06
6.29E-06
6.29E-06
6.29E-06
6.29E-06
6.29E-06
6.29E-06
6.29E-06
6.29E-06
6.29E-06
6.29E-06
6.29E-06
6.29E-06
6.29E-06
6.29E-06
6.29E-06
6.29E-06
6.29E-06
6.29E-06
6.25E-06
6.25E-06
6.25E-06
6.25E-06
6.25E-06
6.25E-06
6.25E-06
6.25E-06
6.25E-06
6.25E-06
6.25E-06
6.25E-06
6.25E-06
6.25E-06
6.25E-06
6.25E-06
6.25E-06
6.25E-06
6.25E-06
6.25E-06
6.25E-06
6.25E-06
6.25E-06
6.25E-06
6.25E-06
6.25E-06
6.25E-06
6.25E-06
6.25E-06
6.25E-06
6.21E-06
6.21E-06
6.21E-06
6.21E-06
6.21E-06
6.21E-06
6.21E-06
6.21E-06
6.21E-06
6.21E-06
6.21E-06
6.21E-06
6.21E-06
6.21E-06
6.21E-06
6.21E-06
6.21E-06
6.21E-06
6.21E-06
6.21E-06
6.21E-06
6.21E-06
6.21E-06
6.21E-06
6.21E-06
6.21E-06
6.21E-06
6.21E-06
6.21E-06
6.21E-06
6.21E-06
6.21E-06
6.21E-06
6.21E-06
6.21E-06
6.21E-06
6.21E-06
6.21E-06
6.21E-06
6.21E-06
6.21E-06
6.21E-06
6.21E-06
6.21E-06
6.17E-06
6.17E-06
6.17E-06
6.17E-06
6.17E-06
6.17E-06
6.17E-06
6.17E-06
6.17E-06
6.17E-06
6.17E-06
6.17E-06
6.17E-06
6.17E-06
6.17E-06
6.17E-06
6.17E-06
6.17E-06
6.17E-06
6.17E-06
6.17E-06
6.17E-06
6.17E-06
6.17E-06
6.17E-06
6.17E-06
6.17E-06
6.17E-06
6.13E-06
6.13E-06
6.13E-06
6.13E-06
6.13E-06
6.13E-06
6.13E-06
6.13E-06
6.13E-06
6.13E-06
6.13E-06
6.13E-06
6.13E-06
6.13E-06
6.13E-06
6.13E-06
6.13E-06
6.13E-06
6.13E-06
6.13E-06
6.13E-06
6.13E-06
6.13E-06
6.13E-06
6.13E-06
6.13E-06
6.13E-06
6.13E-06
6.13E-06
6.13E-06
6.13E-06
6.13E-06
6.13E-06
6.13E-06
6.13E-06
6.13E-06
6.10E-06
6.10E-06
6.10E-06
6.10E-06
6.10E-06
6.10E-06
6.10E-06
6.10E-06
6.10E-06
6.10E-06
6.10E-06
6.10E-06
6.10E-06
6.10E-06
6.10E-06
6.10E-06
6.10E-06
6.10E-06
6.10E-06
6.10E-06
6.10E-06
6.10E-06
6.10E-06
6.10E-06
6.10E-06
6.10E-06
6.10E-06
6.10E-06
6.10E-06
6.10E-06
6.10E-06
6.06E-06
6.06E-06
6.06E-06
6.06E-06
6.06E-06
6.06E-06
6.06E-06
6.06E-06
6.06E-06
6.06E-06
6.06E-06
6.06E-06
6.06E-06
6.06E-06
6.06E-06
6.06E-06
6.06E-06
6.06E-06
6.06E-06
6.06E-06
6.06E-06
6.06E-06
6.06E-06
6.06E-06
6.06E-06
6.06E-06
6.06E-06
6.06E-06
6.06E-06
6.06E-06
6.06E-06
6.06E-06
6.06E-06
6.06E-06
6.06E-06
6.02E-06
6.02E-06
6.02E-06
6.02E-06
6.02E-06
6.02E-06
6.02E-06
6.02E-06
6.02E-06
6.02E-06
6.02E-06
6.02E-06
6.02E-06
6.02E-06
6.02E-06
6.02E-06
6.02E-06
6.02E-06
6.02E-06
6.02E-06
6.02E-06
6.02E-06
6.02E-06
6.02E-06
6.02E-06
6.02E-06
6.02E-06
6.02E-06
6.02E-06
6.02E-06
6.02E-06
6.02E-06
6.02E-06
6.02E-06
6.02E-06
6.02E-06
6.02E-06
5.98E-06
5.98E-06
5.98E-06
5.98E-06
5.98E-06
5.98E-06
5.98E-06
5.98E-06
5.98E-06
5.98E-06
5.98E-06
5.98E-06
5.98E-06
5.98E-06
5.98E-06
5.98E-06
5.98E-06
5.98E-06
5.98E-06
5.98E-06
5.98E-06
5.98E-06
5.98E-06
5.98E-06
5.98E-06
5.98E-06
5.98E-06
5.98E-06
5.98E-06
5.98E-06
5.98E-06
5.98E-06
5.98E-06
5.98E-06
5.98E-06
5.94E-06
5.94E-06
5.94E-06
5.94E-06
5.94E-06
5.94E-06
5.94E-06
5.94E-06
5.94E-06
5.94E-06
5.94E-06
5.94E-06
5.94E-06
5.94E-06
5.94E-06
5.94E-06
5.94E-06
5.94E-06
5.94E-06
5.94E-06
5.94E-06
5.94E-06
5.94E-06
5.94E-06
5.94E-06
5.94E-06
5.94E-06
5.94E-06
5.94E-06
5.94E-06
5.94E-06
5.94E-06
5.94E-06
5.94E-06
5.94E-06
5.94E-06
5.94E-06
5.94E-06
5.94E-06
5.90E-06
5.90E-06
5.90E-06
5.90E-06
5.90E-06
5.90E-06
5.90E-06
5.90E-06
5.90E-06
5.90E-06
5.90E-06
5.90E-06
5.90E-06
5.90E-06
5.90E-06
5.90E-06
5.90E-06
5.90E-06
5.90E-06
5.90E-06
5.90E-06
5.90E-06
5.90E-06
5.90E-06
5.90E-06
5.90E-06
5.90E-06
5.90E-06
5.90E-06
5.90E-06
5.90E-06
5.90E-06
5.90E-06
5.90E-06
5.90E-06
5.90E-06
5.90E-06
5.90E-06
5.90E-06
5.90E-06
5.90E-06
5.87E-06
5.87E-06
5.87E-06
5.87E-06
5.87E-06
5.87E-06
5.87E-06
5.87E-06
5.87E-06
5.87E-06
5.87E-06
5.87E-06
5.87E-06
5.87E-06
5.87E-06
5.87E-06
5.87E-06
5.87E-06
5.87E-06
5.87E-06
5.87E-06
5.87E-06
5.87E-06
5.87E-06
5.87E-06
5.87E-06
5.87E-06
5.87E-06
5.87E-06
5.87E-06
5.87E-06
5.87E-06
5.87E-06
5.87E-06
5.87E-06
5.83E-06
5.83E-06
5.83E-06
5.83E-06
5.83E-06
5.83E-06
5.83E-06
5.83E-06
5.83E-06
5.83E-06
5.83E-06
5.83E-06
5.83E-06
5.83E-06
5.83E-06
5.83E-06
5.83E-06
5.83E-06
5.83E-06
5.83E-06
5.83E-06
5.83E-06
5.83E-06
5.83E-06
5.83E-06
5.83E-06
5.83E-06
5.83E-06
5.83E-06
5.83E-06
5.83E-06
5.83E-06
5.83E-06
5.83E-06
5.83E-06
5.83E-06
5.83E-06
5.79E-06
5.79E-06
5.79E-06
5.79E-06
5.79E-06
5.79E-06
5.79E-06
5.79E-06
5.79E-06
5.79E-06
5.79E-06
5.79E-06
5.79E-06
5.79E-06
5.79E-06
5.79E-06
5.79E-06
5.79E-06
5.79E-06
5.79E-06
5.79E-06
5.79E-06
5.79E-06
5.79E-06
5.79E-06
5.79E-06
5.79E-06
5.79E-06
5.79E-06
5.79E-06
5.79E-06
5.79E-06
5.79E-06
5.79E-06
5.79E-06
5.79E-06
5.79E-06
5.79E-06
5.79E-06
5.79E-06
5.79E-06
5.79E-06
5.79E-06
5.79E-06
5.75E-06
5.75E-06
5.75E-06
5.75E-06
5.75E-06
5.75E-06
5.75E-06
5.75E-06
5.75E-06
5.75E-06
5.75E-06
5.75E-06
5.75E-06
5.75E-06
5.75E-06
5.75E-06
5.75E-06
5.75E-06
5.75E-06
5.75E-06
5.75E-06
5.75E-06
5.75E-06
5.75E-06
5.75E-06
5.75E-06
5.75E-06
5.75E-06
5.75E-06
5.75E-06
5.75E-06
5.75E-06
5.75E-06
5.75E-06
5.75E-06
5.75E-06
5.75E-06
5.75E-06
5.75E-06
5.75E-06
5.75E-06
5.75E-06
5.75E-06
5.75E-06
5.75E-06
5.75E-06
5.71E-06
5.71E-06
5.71E-06
5.71E-06
5.71E-06
5.71E-06
5.71E-06
5.71E-06
5.71E-06
5.71E-06
5.71E-06
5.71E-06
5.71E-06
5.71E-06
5.71E-06
5.71E-06
5.71E-06
5.71E-06
5.71E-06
5.71E-06
5.71E-06
5.71E-06
5.71E-06
5.71E-06
5.71E-06
5.71E-06
5.71E-06
5.71E-06
5.71E-06
5.71E-06
5.71E-06
5.71E-06
5.71E-06
5.71E-06
5.71E-06
5.71E-06
5.71E-06
5.71E-06
5.71E-06
5.71E-06
5.71E-06
5.71E-06
5.71E-06
5.71E-06
5.67E-06
5.67E-06
5.67E-06
5.67E-06
5.67E-06
5.67E-06
5.67E-06
5.67E-06
5.67E-06
5.67E-06
5.67E-06
5.67E-06
5.67E-06
5.67E-06
5.67E-06
5.67E-06
5.67E-06
5.67E-06
5.67E-06
5.67E-06
5.67E-06
5.67E-06
5.67E-06
5.67E-06
5.67E-06
5.67E-06
5.67E-06
5.67E-06
5.67E-06
5.67E-06
5.67E-06
5.67E-06
5.67E-06
5.67E-06
5.67E-06
5.67E-06
5.67E-06
5.67E-06
5.67E-06
5.67E-06
5.67E-06
5.67E-06
5.67E-06
5.67E-06
5.67E-06
5.64E-06
5.64E-06
5.64E-06
5.64E-06
5.64E-06
5.64E-06
5.64E-06
5.64E-06
5.64E-06
5.64E-06
5.64E-06
5.64E-06
5.64E-06
5.64E-06
5.64E-06
5.64E-06
5.64E-06
5.64E-06
5.64E-06
5.64E-06
5.64E-06
5.64E-06
5.64E-06
5.64E-06
5.64E-06
5.64E-06
5.64E-06
5.64E-06
5.64E-06
5.64E-06
5.64E-06
5.64E-06
5.64E-06
5.64E-06
5.64E-06
5.64E-06
5.64E-06
5.64E-06
5.60E-06
5.60E-06
5.60E-06
5.60E-06
5.60E-06
5.60E-06
5.60E-06
5.60E-06
5.60E-06
5.60E-06
5.60E-06
5.60E-06
5.60E-06
5.60E-06
5.60E-06
5.60E-06
5.60E-06
5.60E-06
5.60E-06
5.60E-06
5.60E-06
5.60E-06
5.60E-06
5.60E-06
5.60E-06
5.60E-06
5.60E-06
5.60E-06
5.60E-06
5.60E-06
5.60E-06
5.60E-06
5.60E-06
5.60E-06
5.60E-06
5.60E-06
5.60E-06
5.60E-06
5.60E-06
5.56E-06
5.56E-06
5.56E-06
5.56E-06
5.56E-06
5.56E-06
5.56E-06
5.56E-06
5.56E-06
5.56E-06
5.56E-06
5.56E-06
5.56E-06
5.56E-06
5.56E-06
5.56E-06
5.56E-06
5.56E-06
5.56E-06
5.56E-06
5.56E-06
5.56E-06
5.56E-06
5.56E-06
5.56E-06
5.56E-06
5.56E-06
5.56E-06
5.56E-06
5.56E-06
5.56E-06
5.56E-06
5.56E-06
5.56E-06
5.56E-06
5.56E-06
5.56E-06
5.56E-06
5.52E-06
5.52E-06
5.52E-06
5.52E-06
5.52E-06
5.52E-06
5.52E-06
5.52E-06
5.52E-06
5.52E-06
5.52E-06
5.52E-06
5.52E-06
5.52E-06
5.52E-06
5.52E-06
5.52E-06
5.52E-06
5.52E-06
5.52E-06
5.52E-06
5.52E-06
5.52E-06
5.52E-06
5.52E-06
5.52E-06
5.52E-06
5.52E-06
5.52E-06
5.52E-06
5.52E-06
5.52E-06
5.52E-06
5.52E-06
5.52E-06
5.52E-06
5.52E-06
5.52E-06
5.52E-06
5.52E-06
5.52E-06
5.52E-06
5.52E-06
5.48E-06
5.48E-06
5.48E-06
5.48E-06
5.48E-06
5.48E-06
5.48E-06
5.48E-06
5.48E-06
5.48E-06
5.48E-06
5.48E-06
5.48E-06
5.48E-06
5.48E-06
5.48E-06
5.48E-06
5.48E-06
5.48E-06
5.48E-06
5.48E-06
5.48E-06
5.48E-06
5.48E-06
5.48E-06
5.48E-06
5.48E-06
5.48E-06
5.48E-06
5.48E-06
5.48E-06
5.48E-06
5.48E-06
5.48E-06
5.48E-06
5.48E-06
5.48E-06
5.48E-06
5.48E-06
5.48E-06
5.48E-06
5.48E-06
5.48E-06
5.44E-06
5.44E-06
5.44E-06
5.44E-06
5.44E-06
5.44E-06
5.44E-06
5.44E-06
5.44E-06
5.44E-06
5.44E-06
5.44E-06
5.44E-06
5.44E-06
5.44E-06
5.44E-06
5.44E-06
5.44E-06
5.44E-06
5.44E-06
5.44E-06
5.44E-06
5.44E-06
5.44E-06
5.44E-06
5.44E-06
5.44E-06
5.44E-06
5.44E-06
5.44E-06
5.44E-06
5.44E-06
5.44E-06
5.44E-06
5.44E-06
5.44E-06
5.44E-06
5.44E-06
5.44E-06
5.44E-06
5.44E-06
5.44E-06
5.44E-06
5.44E-06
5.41E-06
5.41E-06
5.41E-06
5.41E-06
5.41E-06
5.41E-06
5.41E-06
5.41E-06
5.41E-06
5.41E-06
5.41E-06
5.41E-06
5.41E-06
5.41E-06
5.41E-06
5.41E-06
5.41E-06
5.41E-06
5.41E-06
5.41E-06
5.41E-06
5.41E-06
5.41E-06
5.41E-06
5.41E-06
5.41E-06
5.41E-06
5.41E-06
5.41E-06
5.41E-06
5.41E-06
5.41E-06
5.41E-06
5.41E-06
5.41E-06
5.41E-06
5.41E-06
5.41E-06
5.41E-06
5.41E-06
5.41E-06
5.37E-06
5.37E-06
5.37E-06
5.37E-06
5.37E-06
5.37E-06
5.37E-06
5.37E-06
5.37E-06
5.37E-06
5.37E-06
5.37E-06
5.37E-06
5.37E-06
5.37E-06
5.37E-06
5.37E-06
5.37E-06
5.37E-06
5.37E-06
5.37E-06
5.37E-06
5.37E-06
5.37E-06
5.37E-06
5.37E-06
5.37E-06
5.37E-06
5.37E-06
5.37E-06
5.37E-06
5.37E-06
5.37E-06
5.37E-06
5.37E-06
5.37E-06
5.37E-06
5.37E-06
5.37E-06
5.37E-06
5.37E-06
5.37E-06
5.37E-06
5.37E-06
5.37E-06
5.33E-06
5.33E-06
5.33E-06
5.33E-06
5.33E-06
5.33E-06
5.33E-06
5.33E-06
5.33E-06
5.33E-06
5.33E-06
5.33E-06
5.33E-06
5.33E-06
5.33E-06
5.33E-06
5.33E-06
5.33E-06
5.33E-06
5.33E-06
5.33E-06
5.33E-06
5.33E-06
5.33E-06
5.33E-06
5.33E-06
5.33E-06
5.33E-06
5.33E-06
5.33E-06
5.33E-06
5.33E-06
5.33E-06
5.33E-06
5.33E-06
5.33E-06
5.33E-06
5.33E-06
5.33E-06
5.33E-06
5.33E-06
5.33E-06
5.33E-06
5.33E-06
5.33E-06
5.33E-06
5.33E-06
5.33E-06
5.33E-06
5.33E-06
5.33E-06
5.33E-06
5.33E-06
5.29E-06
5.29E-06
5.29E-06
5.29E-06
5.29E-06
5.29E-06
5.29E-06
5.29E-06
5.29E-06
5.29E-06
5.29E-06
5.29E-06
5.29E-06
5.29E-06
5.29E-06
5.29E-06
5.29E-06
5.29E-06
5.29E-06
5.29E-06
5.29E-06
5.29E-06
5.29E-06
5.29E-06
5.29E-06
5.29E-06
5.29E-06
5.29E-06
5.29E-06
5.29E-06
5.29E-06
5.29E-06
5.29E-06
5.29E-06
5.29E-06
5.29E-06
5.29E-06
5.29E-06
5.29E-06
5.29E-06
5.29E-06
5.29E-06
5.29E-06
5.29E-06
5.29E-06
5.29E-06
5.29E-06
5.29E-06
5.25E-06
5.25E-06
5.25E-06
5.25E-06
5.25E-06
5.25E-06
5.25E-06
5.25E-06
5.25E-06
5.25E-06
5.25E-06
5.25E-06
5.25E-06
5.25E-06
5.25E-06
5.25E-06
5.25E-06
5.25E-06
5.25E-06
5.25E-06
5.25E-06
5.25E-06
5.25E-06
5.25E-06
5.25E-06
5.25E-06
5.25E-06
5.25E-06
5.25E-06
5.25E-06
5.25E-06
5.25E-06
5.25E-06
5.25E-06
5.25E-06
5.25E-06
5.25E-06
5.25E-06
5.25E-06
5.25E-06
5.25E-06
5.25E-06
5.25E-06
5.25E-06
5.25E-06
5.25E-06
5.25E-06
5.21E-06
5.21E-06
5.21E-06
5.21E-06
5.21E-06
5.21E-06
5.21E-06
5.21E-06
5.21E-06
5.21E-06
5.21E-06
5.21E-06
5.21E-06
5.21E-06
5.21E-06
5.21E-06
5.21E-06
5.21E-06
5.21E-06
5.21E-06
5.21E-06
5.21E-06
5.21E-06
5.21E-06
5.21E-06
5.21E-06
5.21E-06
5.21E-06
5.21E-06
5.21E-06
5.21E-06
5.21E-06
5.21E-06
5.21E-06
5.21E-06
5.21E-06
5.21E-06
5.21E-06
5.21E-06
5.18E-06
